1000 20000
0 0
0.1 0.00125
0.2 0.0025
0.3 0.00375
0.4 0.005
0.5 0.00625
0.6 0.0075
0.7 0.00875
0.8 0.01
0.9 0.01125
1 0.0125
1.1 0.01375
1.2 0.015
1.3 0.01625
1.4 0.0175
1.5 0.01875
1.6 0.02
1.7 0.02125
1.8 0.0225
1.9 0.02375
2 0.025
2.1 0.02625
2.2 0.0275
2.3 0.02875
2.4 0.03
2.5 0.03125
2.6 0.0325
2.7 0.03375
2.8 0.035
2.9 0.03625
3 0.0375
3.1 0.03875
3.2 0.04
3.3 0.04125
3.4 0.0425
3.5 0.04375
3.6 0.045
3.7 0.04625
3.8 0.0475
3.9 0.04875
4 0.05
4.1 0.05125
4.2 0.0525
4.3 0.05375
4.4 0.055
4.5 0.05625
4.6 0.0575
4.7 0.05875
4.8 0.06
4.9 0.06125
5 0.0625
5.1 0.06375
5.2 0.065
5.3 0.06625
5.4 0.0675
5.5 0.06875
5.6 0.07
5.7 0.07125
5.8 0.0725
5.9 0.07375
6 0.075
6.1 0.07625
6.2 0.0775
6.3 0.07875
6.4 0.08
6.5 0.08125
6.6 0.0825
6.7 0.0837499
6.8 0.0849999
6.9 0.0862499
7 0.0874999
7.1 0.0887499
7.2 0.0899999
7.3 0.0912499
7.4 0.0924999
7.5 0.0937499
7.6 0.0949999
7.7 0.0962499
7.79999 0.0974999
7.89999 0.0987499
7.99999 0.0999999
8.09999 0.10125
8.2 0.1025
8.3 0.10375
8.4 0.105
8.5 0.10625
8.6 0.1075
8.7 0.10875
8.8 0.11
8.9 0.11125
9 0.1125
9.1 0.11375
9.2 0.115
9.3 0.11625
9.4 0.1175
9.5 0.11875
9.6 0.12
9.7 0.12125
9.8 0.1225
9.9 0.12375
10 0.125
10.1 0.12625
10.2 0.1275
10.3 0.12875
10.4 0.13
10.5 0.13125
10.6 0.1325
10.7 0.13375
10.8 0.135
10.9 0.13625
11 0.1375
11.1 0.13875
11.2 0.14
11.3 0.14125
11.4 0.1425
11.5 0.14375
11.6 0.145
11.7 0.14625
11.8 0.1475
11.9 0.14875
12 0.15
12.1 0.15125
12.2 0.1525
12.3 0.15375
12.4 0.155
12.5 0.15625
12.6 0.1575
12.7 0.15875
12.8 0.16
12.9 0.16125
13 0.1625
13.1 0.16375
13.2 0.165
13.3 0.16625
13.4 0.1675
13.5 0.16875
13.6 0.17
13.7 0.17125
13.8 0.1725
13.9 0.17375
14 0.175
14.1 0.17625
14.2 0.1775
14.3 0.17875
14.4 0.18
14.5 0.18125
14.6 0.1825
14.7 0.18375
14.8 0.185
14.9 0.18625
15 0.1875
15.1 0.18875
15.2 0.19
15.3 0.19125
15.4 0.1925
15.5 0.19375
15.6 0.195
15.7 0.19625
15.8 0.1975
15.9 0.19875
16 0.2
16.1 0.20125
16.2 0.2025
16.3 0.20375
16.4 0.205
16.5 0.20625
16.6 0.2075
16.7 0.20875
16.8 0.21
16.9 0.21125
17 0.2125
17.1 0.21375
17.2 0.215
17.3 0.21625
17.4 0.2175
17.5 0.21875
17.6 0.22
17.7 0.22125
17.8 0.2225
17.9 0.22375
18 0.225
18.1 0.22625
18.2 0.2275
18.3 0.22875
18.4 0.23
18.5 0.23125
18.6 0.2325
18.7 0.23375
18.8 0.235
18.9 0.23625
19 0.2375
19.1 0.23875
19.2 0.24
19.3 0.24125
19.4 0.2425
19.5 0.24375
19.6 0.245
19.7 0.24625
19.8 0.2475
19.9 0.24875
20 0.250001
20.1 0.251251
20.2 0.252501
20.3 0.253751
20.4 0.255001
20.5 0.256251
20.6 0.257501
20.7 0.258751
20.8 0.260001
20.9 0.261251
21 0.262501
21.1 0.263751
21.2 0.265001
21.3 0.266251
21.4 0.267501
21.5 0.268751
21.6 0.270001
21.7 0.271251
21.8 0.272501
21.9 0.273751
22 0.275001
22.1 0.276251
22.2 0.277501
22.3 0.278751
22.4 0.280001
22.5 0.281251
22.6 0.282501
22.7001 0.283751
22.8001 0.285001
22.9001 0.286251
23.0001 0.287501
23.1001 0.288751
23.2001 0.290001
23.3001 0.291251
23.4001 0.292501
23.5001 0.293751
23.6001 0.295001
23.7001 0.296251
23.8001 0.297501
23.9001 0.298751
24.0001 0.300001
24.1001 0.301251
24.2001 0.302501
24.3001 0.303751
24.4001 0.305001
24.5001 0.306251
24.6001 0.307501
24.7001 0.308751
24.8001 0.310001
24.9001 0.311251
25.0001 0.312501
25.1001 0.313751
25.2001 0.315001
25.3001 0.316251
25.4001 0.317501
25.5001 0.318751
25.6001 0.320001
25.7001 0.321251
25.8001 0.322501
25.9001 0.323751
26.0001 0.325001
26.1001 0.326251
26.2001 0.327501
26.3001 0.328751
26.4001 0.330001
26.5001 0.331251
26.6001 0.332501
26.7001 0.333751
26.8001 0.335001
26.9001 0.336251
27.0001 0.337501
27.1001 0.338751
27.2001 0.340001
27.3001 0.341251
27.4001 0.342501
27.5001 0.343751
27.6001 0.345001
27.7001 0.346251
27.8001 0.347501
27.9001 0.348751
28.0001 0.350001
28.1001 0.351251
28.2001 0.352501
28.3001 0.353751
28.4001 0.355001
28.5001 0.356251
28.6001 0.357501
28.7001 0.358751
28.8001 0.360001
28.9001 0.361251
29.0001 0.362501
29.1001 0.363751
29.2001 0.365001
29.3001 0.366251
29.4001 0.367501
29.5001 0.368751
29.6001 0.370001
29.7001 0.371251
29.8001 0.372501
29.9001 0.373751
30.0001 0.375001
30.1001 0.376251
30.2001 0.377501
30.3001 0.378751
30.4001 0.380001
30.5001 0.381251
30.6001 0.382501
30.7001 0.383751
30.8001 0.385001
30.9001 0.386251
31.0001 0.387501
31.1001 0.388751
31.2001 0.390001
31.3001 0.391251
31.4001 0.392501
31.5001 0.393751
31.6001 0.395001
31.7001 0.396251
31.8001 0.397501
31.9001 0.398751
32.0001 0.400001
32.1001 0.401251
32.2001 0.402501
32.3001 0.403751
32.4001 0.405001
32.5001 0.406251
32.6001 0.407501
32.7001 0.408751
32.8001 0.410001
32.9001 0.411251
33.0001 0.412501
33.1001 0.413751
33.2001 0.415001
33.3001 0.416251
33.4001 0.417501
33.5001 0.418751
33.6001 0.420001
33.7001 0.421251
33.8001 0.422501
33.9001 0.423751
34.0001 0.425001
34.1001 0.426251
34.2001 0.427501
34.3 0.428751
34.4 0.430001
34.5 0.431251
34.6 0.432501
34.7 0.433751
34.8 0.435001
34.9 0.436251
35 0.4375
35.1 0.43875
35.2 0.44
35.3 0.44125
35.4 0.4425
35.5 0.44375
35.6 0.445
35.7 0.44625
35.8 0.4475
35.9 0.44875
36 0.45
36.1 0.45125
36.2 0.4525
36.3 0.45375
36.4 0.455
36.5 0.45625
36.6 0.4575
36.7 0.45875
36.8 0.46
36.9 0.46125
37 0.4625
37.1 0.46375
37.2 0.465
37.3 0.46625
37.4 0.4675
37.5 0.46875
37.6 0.47
37.7 0.47125
37.8 0.4725
37.9 0.47375
38 0.475
38.1 0.47625
38.2 0.4775
38.3 0.47875
38.4 0.48
38.5 0.48125
38.6 0.4825
38.7 0.48375
38.8 0.485
38.9 0.48625
39 0.4875
39.1 0.48875
39.2 0.49
39.3 0.49125
39.4 0.4925
39.5 0.49375
39.6 0.495
39.7 0.49625
39.8 0.4975
39.9 0.49875
40 0.5
40.1 0.501249
40.2 0.502499
40.3 0.503749
40.4 0.504999
40.5 0.506249
40.6 0.507499
40.7 0.508749
40.7999 0.509999
40.8999 0.511249
40.9999 0.512499
41.0999 0.513749
41.1999 0.514999
41.2999 0.516249
41.3999 0.517499
41.4999 0.518749
41.5999 0.519999
41.6999 0.521249
41.7999 0.522499
41.8999 0.523749
41.9999 0.524999
42.0999 0.526249
42.1999 0.527499
42.2999 0.528749
42.3999 0.529999
42.4999 0.531249
42.5999 0.532499
42.6999 0.533749
42.7999 0.534999
42.8999 0.536249
42.9999 0.537499
43.0999 0.538749
43.1999 0.539999
43.2999 0.541249
43.3999 0.542499
43.4999 0.543749
43.5999 0.544999
43.6999 0.546249
43.7999 0.547499
43.8999 0.548749
43.9999 0.549999
44.0999 0.551249
44.1999 0.552499
44.2999 0.553749
44.3999 0.554999
44.4999 0.556249
44.5999 0.557499
44.6999 0.558749
44.7999 0.559999
44.8999 0.561249
44.9999 0.562499
45.0999 0.563749
45.1999 0.564999
45.2999 0.566249
45.3999 0.567499
45.4999 0.568748
45.5999 0.569998
45.6999 0.571248
45.7999 0.572498
45.8999 0.573748
45.9999 0.574998
46.0999 0.576248
46.1999 0.577498
46.2999 0.578748
46.3999 0.579998
46.4999 0.581248
46.5999 0.582498
46.6999 0.583748
46.7999 0.584998
46.8999 0.586248
46.9999 0.587498
47.0999 0.588748
47.1999 0.589998
47.2999 0.591248
47.3998 0.592498
47.4998 0.593748
47.5998 0.594998
47.6998 0.596248
47.7998 0.597498
47.8998 0.598748
47.9998 0.599998
48.0998 0.601248
48.1998 0.602498
48.2998 0.603748
48.3998 0.604998
48.4998 0.606248
48.5998 0.607498
48.6998 0.608748
48.7998 0.609998
48.8998 0.611248
48.9998 0.612498
49.0998 0.613748
49.1998 0.614998
49.2998 0.616248
49.3998 0.617498
49.4998 0.618748
49.5998 0.619998
49.6998 0.621248
49.7998 0.622498
49.8998 0.623748
49.9998 0.624998
50.0998 0.626248
50.1998 0.627498
50.2998 0.628748
50.3998 0.629998
50.4998 0.631248
50.5998 0.632497
50.6998 0.633747
50.7998 0.634997
50.8998 0.636247
50.9998 0.637497
51.0998 0.638747
51.1998 0.639997
51.2998 0.641247
51.3998 0.642497
51.4998 0.643747
51.5998 0.644997
51.6998 0.646247
51.7998 0.647497
51.8998 0.648747
51.9998 0.649997
52.0998 0.651247
52.1998 0.652497
52.2998 0.653747
52.3998 0.654997
52.4998 0.656247
52.5998 0.657497
52.6998 0.658747
52.7998 0.659997
52.8998 0.661247
52.9998 0.662497
53.0998 0.663747
53.1998 0.664997
53.2998 0.666247
53.3998 0.667497
53.4998 0.668747
53.5998 0.669997
53.6998 0.671247
53.7998 0.672497
53.8997 0.673747
53.9997 0.674997
54.0997 0.676247
54.1997 0.677497
54.2997 0.678747
54.3997 0.679997
54.4997 0.681247
54.5997 0.682497
54.6997 0.683747
54.7997 0.684997
54.8997 0.686247
54.9997 0.687497
55.0997 0.688747
55.1997 0.689997
55.2997 0.691247
55.3997 0.692497
55.4997 0.693747
55.5997 0.694997
55.6997 0.696247
55.7997 0.697497
55.8997 0.698747
55.9997 0.699996
56.0997 0.701246
56.1997 0.702496
56.2997 0.703746
56.3997 0.704996
56.4997 0.706246
56.5997 0.707496
56.6997 0.708746
56.7997 0.709996
56.8997 0.711246
56.9997 0.712496
57.0997 0.713746
57.1997 0.714996
57.2997 0.716246
57.3997 0.717496
57.4997 0.718746
57.5997 0.719996
57.6997 0.721246
57.7997 0.722496
57.8997 0.723746
57.9997 0.724996
58.0997 0.726246
58.1997 0.727496
58.2997 0.728746
58.3997 0.729996
58.4997 0.731246
58.5997 0.732496
58.6997 0.733746
58.7997 0.734996
58.8997 0.736246
58.9997 0.737496
59.0997 0.738746
59.1997 0.739996
59.2997 0.741246
59.3997 0.742496
59.4997 0.743746
59.5997 0.744996
59.6997 0.746246
59.7997 0.747496
59.8997 0.748746
59.9997 0.749996
60.0997 0.751246
60.1997 0.752496
60.2997 0.753746
60.3997 0.754996
60.4996 0.756246
60.5996 0.757496
60.6996 0.758746
60.7996 0.759996
60.8996 0.761246
60.9996 0.762496
61.0996 0.763745
61.1996 0.764995
61.2996 0.766245
61.3996 0.767495
61.4996 0.768745
61.5996 0.769995
61.6996 0.771245
61.7996 0.772495
61.8996 0.773745
61.9996 0.774995
62.0996 0.776245
62.1996 0.777495
62.2996 0.778745
62.3996 0.779995
62.4996 0.781245
62.5996 0.782495
62.6996 0.783745
62.7996 0.784995
62.8996 0.786245
62.9996 0.787495
63.0996 0.788745
63.1996 0.789995
63.2996 0.791245
63.3996 0.792495
63.4996 0.793745
63.5996 0.794995
63.6996 0.796245
63.7996 0.797495
63.8996 0.798745
63.9996 0.799995
64.0996 0.801245
64.1996 0.802495
64.2996 0.803745
64.3996 0.804995
64.4996 0.806245
64.5996 0.807495
64.6996 0.808745
64.7996 0.809995
64.8996 0.811245
64.9996 0.812495
65.0996 0.813745
65.1996 0.814995
65.2996 0.816245
65.3996 0.817495
65.4996 0.818745
65.5996 0.819995
65.6996 0.821245
65.7996 0.822495
65.8996 0.823745
65.9996 0.824995
66.0996 0.826245
66.1996 0.827495
66.2996 0.828745
66.3996 0.829994
66.4996 0.831244
66.5996 0.832494
66.6996 0.833744
66.7996 0.834994
66.8996 0.836244
66.9995 0.837494
67.0995 0.838744
67.1995 0.839994
67.2995 0.841244
67.3995 0.842494
67.4995 0.843744
67.5995 0.844994
67.6995 0.846244
67.7995 0.847494
67.8995 0.848744
67.9995 0.849994
68.0995 0.851244
68.1995 0.852494
68.2995 0.853744
68.3995 0.854994
68.4995 0.856244
68.5995 0.857494
68.6995 0.858744
68.7995 0.859994
68.8995 0.861244
68.9995 0.862494
69.0995 0.863744
69.1995 0.864994
69.2995 0.866244
69.3995 0.867494
69.4995 0.868744
69.5995 0.869994
69.6995 0.871244
69.7995 0.872494
69.8995 0.873744
69.9995 0.874994
70.0995 0.876244
70.1995 0.877494
70.2995 0.878744
70.3995 0.879994
70.4995 0.881244
70.5995 0.882494
70.6995 0.883744
70.7995 0.884994
70.8995 0.886244
70.9995 0.887494
71.0995 0.888744
71.1995 0.889994
71.2995 0.891244
71.3995 0.892494
71.4995 0.893744
71.5995 0.894993
71.6995 0.896243
71.7995 0.897493
71.8995 0.898743
71.9995 0.899993
72.0995 0.901243
72.1995 0.902493
72.2995 0.903743
72.3995 0.904993
72.4995 0.906243
72.5995 0.907493
72.6995 0.908743
72.7995 0.909993
72.8995 0.911243
72.9995 0.912493
73.0995 0.913743
73.1995 0.914993
73.2995 0.916243
73.3995 0.917493
73.4995 0.918743
73.5994 0.919993
73.6994 0.921243
73.7994 0.922493
73.8994 0.923743
73.9994 0.924993
74.0994 0.926243
74.1994 0.927493
74.2994 0.928743
74.3994 0.929993
74.4994 0.931243
74.5994 0.932493
74.6994 0.933743
74.7994 0.934993
74.8994 0.936243
74.9994 0.937493
75.0994 0.938743
75.1994 0.939993
75.2994 0.941243
75.3994 0.942493
75.4994 0.943743
75.5994 0.944993
75.6994 0.946243
75.7994 0.947493
75.8994 0.948743
75.9994 0.949993
76.0994 0.951243
76.1994 0.952493
76.2994 0.953743
76.3994 0.954993
76.4994 0.956243
76.5994 0.957493
76.6994 0.958742
76.7994 0.959993
76.8994 0.961242
76.9994 0.962492
77.0994 0.963742
77.1994 0.964992
77.2994 0.966242
77.3994 0.967492
77.4994 0.968742
77.5994 0.969992
77.6994 0.971242
77.7994 0.972492
77.8994 0.973742
77.9994 0.974992
78.0994 0.976242
78.1994 0.977492
78.2994 0.978742
78.3994 0.979992
78.4994 0.981242
78.5994 0.982492
78.6994 0.983742
78.7994 0.984992
78.8994 0.986242
78.9994 0.987492
79.0994 0.988742
79.1994 0.989992
79.2994 0.991242
79.3994 0.992492
79.4994 0.993742
79.5994 0.994992
79.6994 0.996242
79.7994 0.997492
79.8994 0.998742
79.9994 0.999992
80.0993 0.995032
80.1993 0.990033
80.2993 0.985033
80.3993 0.980032
80.4993 0.975033
80.5993 0.970033
80.6993 0.965033
80.7993 0.960033
80.8993 0.955033
80.9993 0.950033
81.0993 0.945033
81.1993 0.940033
81.2993 0.935034
81.3993 0.930034
81.4993 0.925034
81.5993 0.920033
81.6993 0.915033
81.7993 0.910034
81.8993 0.905034
81.9993 0.900034
82.0993 0.895034
82.1993 0.890034
82.2993 0.885034
82.3993 0.880034
82.4993 0.875034
82.5993 0.870035
82.6993 0.865035
82.7993 0.860034
82.8993 0.855035
82.9993 0.850035
83.0993 0.845035
83.1993 0.840035
83.2993 0.835035
83.3993 0.830035
83.4993 0.825035
83.5993 0.820035
83.6993 0.815035
83.7993 0.810035
83.8993 0.805036
83.9993 0.800035
84.0993 0.795035
84.1993 0.790036
84.2993 0.785036
84.3993 0.780035
84.4993 0.775036
84.5993 0.770036
84.6993 0.765036
84.7993 0.760036
84.8993 0.755036
84.9993 0.750036
85.0993 0.745036
85.1993 0.740036
85.2993 0.735037
85.3993 0.730037
85.4993 0.725037
85.5993 0.720037
85.6993 0.715036
85.7993 0.710037
85.8993 0.705037
85.9993 0.700037
86.0993 0.695037
86.1993 0.690037
86.2993 0.685037
86.3993 0.680037
86.4993 0.675037
86.5993 0.670038
86.6992 0.665038
86.7992 0.660038
86.8992 0.655038
86.9992 0.650038
87.0992 0.645038
87.1992 0.640038
87.2992 0.635038
87.3992 0.630038
87.4992 0.625038
87.5992 0.620038
87.6992 0.615038
87.7992 0.610038
87.8992 0.605039
87.9992 0.600039
88.0992 0.595038
88.1992 0.590039
88.2992 0.585039
88.3992 0.580039
88.4992 0.575039
88.5992 0.570039
88.6992 0.565039
88.7992 0.560039
88.8992 0.555039
88.9992 0.550039
89.0992 0.545039
89.1992 0.54004
89.2992 0.53504
89.3992 0.53004
89.4992 0.52504
89.5992 0.52004
89.6992 0.515039
89.7992 0.51004
89.8992 0.50504
89.9992 0.50004
90.0992 0.49504
90.1992 0.49004
90.2992 0.48504
90.3992 0.48004
90.4992 0.47504
90.5992 0.470041
90.6992 0.465041
90.7992 0.460041
90.8992 0.455041
90.9992 0.450041
91.0992 0.445041
91.1992 0.440041
91.2992 0.435041
91.3992 0.430041
91.4992 0.425041
91.5992 0.420041
91.6992 0.415041
91.7992 0.410041
91.8992 0.405042
91.9992 0.400042
92.0992 0.395041
92.1992 0.390042
92.2992 0.385042
92.3992 0.380042
92.4992 0.375042
92.5992 0.370042
92.6992 0.365042
92.7992 0.360042
92.8992 0.355042
92.9992 0.350042
93.0992 0.345042
93.1992 0.340043
93.2991 0.335043
93.3991 0.330043
93.4991 0.325043
93.5991 0.320043
93.6991 0.315042
93.7991 0.310043
93.8991 0.305043
93.9991 0.300043
94.0991 0.295043
94.1991 0.290043
94.2991 0.285043
94.3991 0.280043
94.4991 0.275043
94.5991 0.270044
94.6991 0.265044
94.7991 0.260044
94.8991 0.255044
94.9991 0.250044
95.0991 0.245044
95.1991 0.240044
95.2991 0.235044
95.3991 0.230044
95.4991 0.225044
95.5991 0.220044
95.6991 0.215044
95.7991 0.210044
95.8991 0.205045
95.9991 0.200045
96.0991 0.195045
96.1991 0.190045
96.2991 0.185045
96.3991 0.180045
96.4991 0.175045
96.5991 0.170045
96.6991 0.165045
96.7991 0.160045
96.8991 0.155045
96.9991 0.150045
97.0991 0.145045
97.1991 0.140046
97.2991 0.135046
97.3991 0.130046
97.4991 0.125046
97.5991 0.120046
97.6991 0.115046
97.7991 0.110046
97.8991 0.105046
97.9991 0.100046
98.0991 0.0950465
98.1991 0.0900464
98.2991 0.0850463
98.3991 0.0800462
98.4991 0.0750465
98.5991 0.0700469
98.6991 0.0650468
98.7991 0.0600467
98.8991 0.055047
98.9991 0.0500469
99.0991 0.0450468
99.1991 0.0400472
99.2991 0.0350471
99.3991 0.0300474
99.4991 0.0250473
99.5991 0.0200472
99.6991 0.0150476
99.799 0.0100474
0 0
0 0
0.1 -4.22472
0.2 -8.44057
0.3 -12.6448
0.4 -16.8454
0.5 -21.0359
0.6 -25.2148
0.7 -29.3867
0.8 -33.5436
0.9 -37.6734
1 -41.787
1.1 -45.8926
1.2 -49.9731
1.3 -54.0273
1.4 -58.0626
1.5 -62.0754
1.6 -66.0815
1.7 -70.0723
1.8 -74.046
1.9 -78.0109
2 -81.9636
2.1 -85.904
2.2 -89.8322
2.3 -93.7386
2.4 -97.6226
2.5 -101.504
2.6 -105.369
2.7 -109.209
2.8 -113.04
2.9 -116.858
3 -120.652
3.1 -124.423
3.2 -128.188
3.3 -131.942
3.4 -135.687
3.5 -139.416
3.6 -143.122
3.7 -146.81
3.8 -150.482
3.9 -154.14
4 -157.779
4.1 -161.414
4.2 -165.04
4.3 -168.651
4.4 -172.243
4.5 -175.819
4.6 -179.391
4.7 -182.945
4.8 -186.472
4.9 -189.981
5 -193.476
5.1 -196.963
5.2 -200.424
5.3 -203.873
5.4 -207.319
5.5 -210.751
5.6 -214.159
5.7 -217.552
5.8 -220.921
5.9 -224.28
6 -227.632
6.1 -230.981
6.2 -234.316
6.3 -237.627
6.4 -240.918
6.5 -244.182
6.6 -247.441
6.7 -250.694
6.8 -253.917
6.9 -257.127
7 -260.331
7.1 -263.521
7.2 -266.686
7.3 -269.837
7.4 -272.972
7.5 -276.092
7.6 -279.196
7.7 -282.29
7.79999 -285.366
7.89999 -288.421
7.99999 -291.462
8.09999 -294.486
8.2 -297.498
8.3 -300.503
8.4 -303.494
8.5 -306.464
8.6 -309.426
8.7 -312.367
8.8 -315.296
8.9 -318.208
9 -321.116
9.1 -324.01
9.2 -326.881
9.3 -329.732
9.4 -332.568
9.5 -335.4
9.6 -338.235
9.7 -341.045
9.8 -343.834
9.9 -346.619
10 -349.379
10.1 -352.122
10.2 -354.855
10.3 -357.577
10.4 -360.284
10.5 -362.969
10.6 -365.644
10.7 -368.294
10.8 -370.932
10.9 -373.555
11 -376.174
11.1 -378.778
11.2 -381.361
11.3 -383.93
11.4 -386.491
11.5 -389.037
11.6 -391.571
11.7 -394.082
11.8 -396.57
11.9 -399.041
12 -401.515
12.1 -403.973
12.2 -406.431
12.3 -408.856
12.4 -411.269
12.5 -413.667
12.6 -416.058
12.7 -418.437
12.8 -420.793
12.9 -423.142
13 -425.474
13.1 -427.797
13.2 -430.101
13.3 -432.38
13.4 -434.65
13.5 -436.902
13.6 -439.14
13.7 -441.363
13.8 -443.575
13.9 -445.77
14 -447.956
14.1 -450.123
14.2 -452.267
14.3 -454.408
14.4 -456.536
14.5 -458.659
14.6 -460.757
14.7 -462.83
14.8 -464.885
14.9 -466.94
15 -468.993
15.1 -471.032
15.2 -473.058
15.3 -475.048
15.4 -477.024
15.5 -478.989
15.6 -480.937
15.7 -482.894
15.8 -484.826
15.9 -486.75
16 -488.656
16.1 -490.547
16.2 -492.42
16.3 -494.266
16.4 -496.111
16.5 -497.946
16.6 -499.771
16.7 -501.58
16.8 -503.366
16.9 -505.14
17 -506.894
17.1 -508.651
17.2 -510.383
17.3 -512.095
17.4 -513.8
17.5 -515.489
17.6 -517.155
17.7 -518.813
17.8 -520.467
17.9 -522.099
18 -523.711
18.1 -525.321
18.2 -526.906
18.3 -528.483
18.4 -530.036
18.5 -531.584
18.6 -533.116
18.7 -534.637
18.8 -536.141
18.9 -537.642
19 -539.109
19.1 -540.575
19.2 -542.027
19.3 -543.454
19.4 -544.872
19.5 -546.27
19.6 -547.661
19.7 -549.04
19.8 -550.406
19.9 -551.76
20 -553.094
20.1 -554.409
20.2 -555.717
20.3 -556.994
20.4 -558.268
20.5 -559.512
20.6 -560.764
20.7 -561.978
20.8 -563.175
20.9 -564.351
21 -565.526
21.1 -566.679
21.2 -567.813
21.3 -568.943
21.4 -570.056
21.5 -571.174
21.6 -572.263
21.7 -573.345
21.8 -574.391
21.9 -575.441
22 -576.472
22.1 -577.499
22.2 -578.511
22.3 -579.505
22.4 -580.47
22.5 -581.439
22.6 -582.381
22.7001 -583.307
22.8001 -584.228
22.9001 -585.132
23.0001 -586.033
23.1001 -586.904
23.2001 -587.781
23.3001 -588.637
23.4001 -589.465
23.5001 -590.288
23.6001 -591.098
23.7001 -591.894
23.8001 -592.676
23.9001 -593.448
24.0001 -594.199
24.1001 -594.943
24.2001 -595.677
24.3001 -596.389
24.4001 -597.08
24.5001 -597.768
24.6001 -598.43
24.7001 -599.092
24.8001 -599.745
24.9001 -600.389
25.0001 -601.007
25.1001 -601.608
25.2001 -602.207
25.3001 -602.787
25.4001 -603.353
25.5001 -603.902
25.6001 -604.445
25.7001 -604.968
25.8001 -605.486
25.9001 -605.988
26.0001 -606.457
26.1001 -606.931
26.2001 -607.391
26.3001 -607.823
26.4001 -608.243
26.5001 -608.659
26.6001 -609.069
26.7001 -609.469
26.8001 -609.85
26.9001 -610.206
27.0001 -610.543
27.1001 -610.884
27.2001 -611.213
27.3001 -611.519
27.4001 -611.826
27.5001 -612.112
27.6001 -612.371
27.7001 -612.624
27.8001 -612.864
27.9001 -613.096
28.0001 -613.312
28.1001 -613.519
28.2001 -613.719
28.3001 -613.888
28.4001 -614.056
28.5001 -614.203
28.6001 -614.336
28.7001 -614.467
28.8001 -614.572
28.9001 -614.652
29.0001 -614.73
29.1001 -614.807
29.2001 -614.855
29.3001 -614.883
29.4001 -614.9
29.5001 -614.929
29.6001 -614.926
29.7001 -614.888
29.8001 -614.843
29.9001 -614.803
30.0001 -614.748
30.1001 -614.665
30.2001 -614.585
30.3001 -614.48
30.4001 -614.373
30.5001 -614.253
30.6001 -614.118
30.7001 -613.952
30.8001 -613.804
30.9001 -613.632
31.0001 -613.442
31.1001 -613.255
31.2001 -613.042
31.3001 -612.82
31.4001 -612.589
31.5001 -612.348
31.6001 -612.062
31.7001 -611.78
31.8001 -611.498
31.9001 -611.191
32.0001 -610.867
32.1001 -610.545
32.2001 -610.193
32.3001 -609.836
32.4001 -609.464
32.5001 -609.082
32.6001 -608.679
32.7001 -608.255
32.8001 -607.814
32.9001 -607.399
33.0001 -606.935
33.1001 -606.449
33.2001 -605.969
33.3001 -605.474
33.4001 -604.965
33.5001 -604.435
33.6001 -603.898
33.7001 -603.347
33.8001 -602.795
33.9001 -602.228
34.0001 -601.645
34.1001 -601.04
34.2001 -600.424
34.3 -599.8
34.4 -599.16
34.5 -598.506
34.6 -597.841
34.7 -597.161
34.8 -596.459
34.9 -595.766
35 -595.048
35.1 -594.326
35.2 -593.58
35.3 -592.821
35.4 -592.054
35.5 -591.268
35.6 -590.464
35.7 -589.673
35.8 -588.86
35.9 -588.01
36 -587.156
36.1 -586.293
36.2 -585.427
36.3 -584.53
36.4 -583.64
36.5 -582.711
36.6 -581.793
36.7 -580.841
36.8 -579.886
36.9 -578.927
37 -577.933
37.1 -576.947
37.2 -575.937
37.3 -574.919
37.4 -573.879
37.5 -572.836
37.6 -571.763
37.7 -570.699
37.8 -569.594
37.9 -568.49
38 -567.385
38.1 -566.27
38.2 -565.127
38.3 -563.972
38.4 -562.813
38.5 -561.636
38.6 -560.433
38.7 -559.227
38.8 -557.988
38.9 -556.744
39 -555.507
39.1 -554.256
39.2 -552.971
39.3 -551.685
39.4 -550.391
39.5 -549.083
39.6 -547.782
39.7 -546.448
39.8 -545.117
39.9 -543.774
40 -542.426
40.1 -541.076
40.2 -539.701
40.3 -538.341
40.4 -536.985
40.5 -535.617
40.6 -534.271
40.7 -532.917
40.7999 -531.562
40.8999 -530.228
40.9999 -528.911
41.0999 -527.585
41.1999 -526.261
41.2999 -524.939
41.3999 -523.629
41.4999 -522.323
41.5999 -521.006
41.6999 -519.694
41.7999 -518.382
41.8999 -517.055
41.9999 -515.747
42.0999 -514.413
42.1999 -513.103
42.2999 -511.789
42.3999 -510.489
42.4999 -509.197
42.5999 -507.888
42.6999 -506.589
42.7999 -505.296
42.8999 -504.023
42.9999 -502.722
43.0999 -501.438
43.1999 -500.147
43.2999 -498.851
43.3999 -497.565
43.4999 -496.295
43.5999 -495.034
43.6999 -493.755
43.7999 -492.499
43.8999 -491.236
43.9999 -489.969
44.0999 -488.711
44.1999 -487.435
44.2999 -486.181
44.3999 -484.909
44.4999 -483.657
44.5999 -482.412
44.6999 -481.152
44.7999 -479.911
44.8999 -478.657
44.9999 -477.396
45.0999 -476.142
45.1999 -474.919
45.2999 -473.686
45.3999 -472.452
45.4999 -471.225
45.5999 -470.005
45.6999 -468.785
45.7999 -467.555
45.8999 -466.325
45.9999 -465.099
46.0999 -463.875
46.1999 -462.652
46.2999 -461.443
46.3999 -460.226
46.4999 -459.003
46.5999 -457.806
46.6999 -456.595
46.7999 -455.385
46.8999 -454.189
46.9999 -452.987
47.0999 -451.78
47.1999 -450.58
47.2999 -449.376
47.3998 -448.182
47.4998 -446.978
47.5998 -445.802
47.6998 -444.611
47.7998 -443.431
47.8998 -442.241
47.9998 -441.046
48.0998 -439.865
48.1998 -438.678
48.2998 -437.5
48.3998 -436.307
48.4998 -435.139
48.5998 -433.957
48.6998 -432.8
48.7998 -431.618
48.8998 -430.453
48.9998 -429.283
49.0998 -428.115
49.1998 -426.943
49.2998 -425.781
49.3998 -424.615
49.4998 -423.471
49.5998 -422.308
49.6998 -421.15
49.7998 -420.008
49.8998 -418.859
49.9998 -417.721
50.0998 -416.562
50.1998 -415.418
50.2998 -414.286
50.3998 -413.153
50.4998 -412.015
50.5998 -410.873
50.6998 -409.733
50.7998 -408.613
50.8998 -407.491
50.9998 -406.357
51.0998 -405.242
51.1998 -404.114
51.2998 -403.002
51.3998 -401.898
51.4998 -400.783
51.5998 -399.675
51.6998 -398.557
51.7998 -397.448
51.8998 -396.333
51.9998 -395.242
52.0998 -394.125
52.1998 -393.028
52.2998 -391.931
52.3998 -390.829
52.4998 -389.722
52.5998 -388.621
52.6998 -387.514
52.7998 -386.418
52.8998 -385.327
52.9998 -384.236
53.0998 -383.147
53.1998 -382.064
53.2998 -380.977
53.3998 -379.874
53.4998 -378.8
53.5998 -377.722
53.6998 -376.639
53.7998 -375.557
53.8997 -374.481
53.9997 -373.409
54.0997 -372.344
54.1997 -371.28
54.2997 -370.206
54.3997 -369.14
54.4997 -368.074
54.5997 -367.02
54.6997 -365.945
54.7997 -364.888
54.8997 -363.826
54.9997 -362.768
55.0997 -361.699
55.1997 -360.663
55.2997 -359.607
55.3997 -358.55
55.4997 -357.501
55.5997 -356.451
55.6997 -355.409
55.7997 -354.365
55.8997 -353.332
55.9997 -352.28
56.0997 -351.248
56.1997 -350.209
56.2997 -349.171
56.3997 -348.123
56.4997 -347.103
56.5997 -346.081
56.6997 -345.05
56.7997 -344.022
56.8997 -342.985
56.9997 -341.961
57.0997 -340.928
57.1997 -339.909
57.2997 -338.876
57.3997 -337.856
57.4997 -336.839
57.5997 -335.821
57.6997 -334.813
57.7997 -333.795
57.8997 -332.789
57.9997 -331.781
58.0997 -330.777
58.1997 -329.776
58.2997 -328.771
58.3997 -327.771
58.4997 -326.771
58.5997 -325.776
58.6997 -324.772
58.7997 -323.781
58.8997 -322.788
58.9997 -321.799
59.0997 -320.813
59.1997 -319.815
59.2997 -318.822
59.3997 -317.837
59.4997 -316.852
59.5997 -315.887
59.6997 -314.906
59.7997 -313.928
59.8997 -312.957
59.9997 -311.97
60.0997 -310.984
60.1997 -310.007
60.2997 -309.035
60.3997 -308.056
60.4996 -307.074
60.5996 -306.116
60.6996 -305.132
60.7996 -304.182
60.8996 -303.228
60.9996 -302.264
61.0996 -301.312
61.1996 -300.357
61.2996 -299.396
61.3996 -298.443
61.4996 -297.477
61.5996 -296.516
61.6996 -295.577
61.7996 -294.625
61.8996 -293.67
61.9996 -292.717
62.0996 -291.766
62.1996 -290.815
62.2996 -289.863
62.3996 -288.926
62.4996 -287.978
62.5996 -287.036
62.6996 -286.098
62.7996 -285.154
62.8996 -284.23
62.9996 -283.304
63.0996 -282.369
63.1996 -281.438
63.2996 -280.506
63.3996 -279.577
63.4996 -278.637
63.5996 -277.718
63.6996 -276.802
63.7996 -275.868
63.8996 -274.96
63.9996 -274.046
64.0996 -273.125
64.1996 -272.205
64.2996 -271.292
64.3996 -270.371
64.4996 -269.467
64.5996 -268.569
64.6996 -267.646
64.7996 -266.733
64.8996 -265.813
64.9996 -264.895
65.0996 -263.999
65.1996 -263.088
65.2996 -262.198
65.3996 -261.282
65.4996 -260.393
65.5996 -259.49
65.6996 -258.591
65.7996 -257.712
65.8996 -256.809
65.9996 -255.912
66.0996 -255.021
66.1996 -254.134
66.2996 -253.234
66.3996 -252.345
66.4996 -251.461
66.5996 -250.578
66.6996 -249.681
66.7996 -248.813
66.8996 -247.931
66.9995 -247.043
67.0995 -246.162
67.1995 -245.293
67.2995 -244.421
67.3995 -243.551
67.4995 -242.672
67.5995 -241.804
67.6995 -240.926
67.7995 -240.06
67.8995 -239.19
67.9995 -238.322
68.0995 -237.45
68.1995 -236.582
68.2995 -235.706
68.3995 -234.84
68.4995 -233.989
68.5995 -233.131
68.6995 -232.26
68.7995 -231.401
68.8995 -230.537
68.9995 -229.689
69.0995 -228.836
69.1995 -227.973
69.2995 -227.113
69.3995 -226.266
69.4995 -225.409
69.5995 -224.568
69.6995 -223.713
69.7995 -222.865
69.8995 -222.009
69.9995 -221.158
70.0995 -220.304
70.1995 -219.466
70.2995 -218.606
70.3995 -217.761
70.4995 -216.924
70.5995 -216.083
70.6995 -215.247
70.7995 -214.415
70.8995 -213.591
70.9995 -212.75
71.0995 -211.927
71.1995 -211.085
71.2995 -210.247
71.3995 -209.409
71.4995 -208.58
71.5995 -207.75
71.6995 -206.921
71.7995 -206.092
71.8995 -205.241
71.9995 -204.419
72.0995 -203.598
72.1995 -202.78
72.2995 -201.955
72.3995 -201.138
72.4995 -200.311
72.5995 -199.512
72.6995 -198.691
72.7995 -197.867
72.8995 -197.051
72.9995 -196.244
73.0995 -195.424
73.1995 -194.606
73.2995 -193.787
73.3995 -192.968
73.4995 -192.156
73.5994 -191.349
73.6994 -190.538
73.7994 -189.723
73.8994 -188.909
73.9994 -188.106
74.0994 -187.319
74.1994 -186.507
74.2994 -185.711
74.3994 -184.906
74.4994 -184.093
74.5994 -183.286
74.6994 -182.483
74.7994 -181.682
74.8994 -180.877
74.9994 -180.091
75.0994 -179.295
75.1994 -178.502
75.2994 -177.704
75.3994 -176.903
75.4994 -176.124
75.5994 -175.325
75.6994 -174.535
75.7994 -173.753
75.8994 -172.95
75.9994 -172.169
76.0994 -171.392
76.1994 -170.611
76.2994 -169.82
76.3994 -169.035
76.4994 -168.263
76.5994 -167.486
76.6994 -166.689
76.7994 -165.906
76.8994 -165.119
76.9994 -164.346
77.0994 -163.573
77.1994 -162.787
77.2994 -162.018
77.3994 -161.243
77.4994 -160.465
77.5994 -159.695
77.6994 -158.915
77.7994 -158.129
77.8994 -157.358
77.9994 -156.582
78.0994 -155.804
78.1994 -155.035
78.2994 -154.267
78.3994 -153.497
78.4994 -152.707
78.5994 -151.942
78.6994 -151.168
78.7994 -150.405
78.8994 -149.621
78.9994 -148.858
79.0994 -148.088
79.1994 -147.333
79.2994 -146.556
79.3994 -145.79
79.4994 -145.034
79.5994 -144.249
79.6994 -143.48
79.7994 -142.722
79.8994 -141.963
79.9994 -141.214
80.0993 -140.443
80.1993 -139.681
80.2993 -138.92
80.3993 -138.168
80.4993 -137.415
80.5993 -136.654
80.6993 -135.888
80.7993 -135.139
80.8993 -134.396
80.9993 -133.643
81.0993 -132.884
81.1993 -132.134
81.2993 -131.386
81.3993 -130.628
81.4993 -129.879
81.5993 -129.126
81.6993 -128.38
81.7993 -127.632
81.8993 -126.893
81.9993 -126.156
82.0993 -125.411
82.1993 -124.659
82.2993 -123.92
82.3993 -123.18
82.4993 -122.442
82.5993 -121.713
82.6993 -120.976
82.7993 -120.235
82.8993 -119.508
82.9993 -118.761
83.0993 -118.024
83.1993 -117.28
83.2993 -116.539
83.3993 -115.803
83.4993 -115.069
83.5993 -114.326
83.6993 -113.585
83.7993 -112.857
83.8993 -112.13
83.9993 -111.387
84.0993 -110.638
84.1993 -109.912
84.2993 -109.188
84.3993 -108.455
84.4993 -107.734
84.5993 -107.006
84.6993 -106.277
84.7993 -105.552
84.8993 -104.821
84.9993 -104.088
85.0993 -103.372
85.1993 -102.656
85.2993 -101.941
85.3993 -101.219
85.4993 -100.498
85.5993 -99.779
85.6993 -99.0591
85.7993 -98.3388
85.8993 -97.6175
85.9993 -96.8926
86.0993 -96.1722
86.1993 -95.4513
86.2993 -94.7323
86.3993 -94.0257
86.4993 -93.3082
86.5993 -92.5824
86.6992 -91.8589
86.7992 -91.1423
86.8992 -90.4389
86.9992 -89.7264
87.0992 -89.0069
87.1992 -88.2925
87.2992 -87.5888
87.3992 -86.8732
87.4992 -86.1694
87.5992 -85.4552
87.6992 -84.7434
87.7992 -84.0405
87.8992 -83.3324
87.9992 -82.6157
88.0992 -81.9033
88.1992 -81.1798
88.2992 -80.4616
88.3992 -79.7595
88.4992 -79.047
88.5992 -78.3398
88.6992 -77.6348
88.7992 -76.9314
88.8992 -76.2149
88.9992 -75.4961
89.0992 -74.787
89.1992 -74.0821
89.2992 -73.364
89.3992 -72.6594
89.4992 -71.9623
89.5992 -71.2555
89.6992 -70.5563
89.7992 -69.8635
89.8992 -69.1641
89.9992 -68.4623
90.0992 -67.7627
90.1992 -67.0703
90.2992 -66.3858
90.3992 -65.6854
90.4992 -64.9855
90.5992 -64.2847
90.6992 -63.5848
90.7992 -62.8921
90.8992 -62.1918
90.9992 -61.4898
91.0992 -60.7944
91.1992 -60.0899
91.2992 -59.379
91.3992 -58.6768
91.4992 -57.9823
91.5992 -57.2771
91.6992 -56.5802
91.7992 -55.8842
91.8992 -55.1955
91.9992 -54.4938
92.0992 -53.7955
92.1992 -53.0995
92.2992 -52.398
92.3992 -51.6882
92.4992 -50.9966
92.5992 -50.3057
92.6992 -49.6019
92.7992 -48.909
92.8992 -48.2201
92.9992 -47.5265
93.0992 -46.8373
93.1992 -46.1427
93.2991 -45.4549
93.3991 -44.7631
93.4991 -44.0701
93.5991 -43.3819
93.6991 -42.6845
93.7991 -41.9835
93.8991 -41.2884
93.9991 -40.596
94.0991 -39.9029
94.1991 -39.2046
94.2991 -38.5073
94.3991 -37.8123
94.4991 -37.1164
94.5991 -36.4277
94.6991 -35.7334
94.7991 -35.0352
94.8991 -34.3387
94.9991 -33.6436
95.0991 -32.943
95.1991 -32.2523
95.2991 -31.5684
95.3991 -30.8756
95.4991 -30.182
95.5991 -29.4896
95.6991 -28.8
95.7991 -28.1119
95.8991 -27.418
95.9991 -26.7294
96.0991 -26.0433
96.1991 -25.3511
96.2991 -24.6648
96.3991 -23.9863
96.4991 -23.3118
96.5991 -22.6287
96.6991 -21.9397
96.7991 -21.2578
96.8991 -20.573
96.9991 -19.8894
97.0991 -19.2135
97.1991 -18.5314
97.2991 -17.8461
97.3991 -17.1526
97.4991 -16.4598
97.5991 -15.7817
97.6991 -15.0942
97.7991 -14.4132
97.8991 -13.74
97.9991 -13.0597
98.0991 -12.3783
98.1991 -11.692
98.2991 -11.0028
98.3991 -10.3172
98.4991 -9.62712
98.5991 -8.93567
98.6991 -8.25263
98.7991 -7.56147
98.8991 -6.87361
98.9991 -6.18792
99.0991 -5.4965
99.1991 -4.81054
99.2991 -4.12556
99.3991 -3.42654
99.4991 -2.73833
99.5991 -2.06273
99.6991 -1.3731
99.799 -0.689029
0 0
0 0
0.1 1.64075
0.2 3.27011
0.3 4.89243
0.4 6.51831
0.5 8.14657
0.6 9.785
0.7 11.4148
0.8 13.0423
0.9 14.668
1 16.2875
1.1 17.9237
1.2 19.5578
1.3 21.1872
1.4 22.8115
1.5 24.4179
1.6 26.0429
1.7 27.6649
1.8 29.2762
1.9 30.9026
2 32.5314
2.1 34.1531
2.2 35.7733
2.3 37.4132
2.4 39.0467
2.5 40.6657
2.6 42.2914
2.7 43.9134
2.8 45.5332
2.9 47.1656
3 48.7918
3.1 50.415
3.2 52.0386
3.3 53.6638
3.4 55.3059
3.5 56.9373
3.6 58.583
3.7 60.2187
3.8 61.8344
3.9 63.4513
4 65.0762
4.1 66.7
4.2 68.3256
4.3 69.9608
4.4 71.5956
4.5 73.2351
4.6 74.8621
4.7 76.4931
4.8 78.1259
4.9 79.7449
5 81.3777
5.1 82.9987
5.2 84.6144
5.3 86.24
5.4 87.8737
5.5 89.5096
5.6 91.1437
5.7 92.7754
5.8 94.4111
5.9 96.0555
6 97.6838
6.1 99.3324
6.2 100.992
6.3 102.627
6.4 104.26
6.5 105.9
6.6 107.541
6.7 109.186
6.8 110.834
6.9 112.462
7 114.101
7.1 115.745
7.2 117.38
7.3 119.027
7.4 120.683
7.5 122.336
7.6 123.98
7.7 125.62
7.79999 127.28
7.89999 128.928
7.99999 130.581
8.09999 132.24
8.2 133.894
8.3 135.552
8.4 137.199
8.5 138.837
8.6 140.496
8.7 142.149
8.8 143.8
8.9 145.448
9 147.094
9.1 148.765
9.2 150.435
9.3 152.097
9.4 153.765
9.5 155.425
9.6 157.072
9.7 158.72
9.8 160.376
9.9 162.036
10 163.696
10.1 165.365
10.2 167.025
10.3 168.673
10.4 170.347
10.5 172.009
10.6 173.681
10.7 175.352
10.8 177.021
10.9 178.692
11 180.359
11.1 182.036
11.2 183.712
11.3 185.392
11.4 187.062
11.5 188.74
11.6 190.427
11.7 192.109
11.8 193.791
11.9 195.47
12 197.152
12.1 198.825
12.2 200.498
12.3 202.188
12.4 203.887
12.5 205.565
12.6 207.263
12.7 208.933
12.8 210.613
12.9 212.311
13 213.996
13.1 215.679
13.2 217.383
13.3 219.094
13.4 220.795
13.5 222.483
13.6 224.172
13.7 225.882
13.8 227.578
13.9 229.275
14 230.965
14.1 232.681
14.2 234.387
14.3 236.083
14.4 237.8
14.5 239.512
14.6 241.221
14.7 242.94
14.8 244.64
14.9 246.343
15 248.049
15.1 249.777
15.2 251.488
15.3 253.212
15.4 254.922
15.5 256.644
15.6 258.379
15.7 260.103
15.8 261.832
15.9 263.56
16 265.291
16.1 266.993
16.2 268.719
16.3 270.467
16.4 272.196
16.5 273.92
16.6 275.657
16.7 277.415
16.8 279.146
16.9 280.869
17 282.617
17.1 284.37
17.2 286.122
17.3 287.868
17.4 289.614
17.5 291.365
17.6 293.109
17.7 294.866
17.8 296.622
17.9 298.36
18 300.125
18.1 301.909
18.2 303.658
18.3 305.406
18.4 307.164
18.5 308.934
18.6 310.694
18.7 312.453
18.8 314.24
18.9 315.994
19 317.752
19.1 319.528
19.2 321.303
19.3 323.075
19.4 324.866
19.5 326.648
19.6 328.432
19.7 330.21
19.8 331.998
19.9 333.785
20 335.573
20.1 337.369
20.2 339.163
20.3 340.934
20.4 342.739
20.5 344.531
20.6 346.329
20.7 348.13
20.8 349.932
20.9 351.737
21 353.559
21.1 355.376
21.2 357.181
21.3 359.004
21.4 360.821
21.5 362.642
21.6 364.449
21.7 366.275
21.8 368.105
21.9 369.923
22 371.756
22.1 373.588
22.2 375.415
22.3 377.241
22.4 379.067
22.5 380.911
22.6 382.727
22.7001 384.563
22.8001 386.405
22.9001 388.233
23.0001 390.076
23.1001 391.899
23.2001 393.755
23.3001 395.61
23.4001 397.462
23.5001 399.318
23.6001 401.181
23.7001 403.038
23.8001 404.89
23.9001 406.749
24.0001 408.622
24.1001 410.492
24.2001 412.357
24.3001 414.24
24.4001 416.118
24.5001 418.003
24.6001 419.889
24.7001 421.771
24.8001 423.651
24.9001 425.533
25.0001 427.423
25.1001 429.324
25.2001 431.229
25.3001 433.125
25.4001 435.013
25.5001 436.912
25.6001 438.814
25.7001 440.718
25.8001 442.622
25.9001 444.538
26.0001 446.453
26.1001 448.366
26.2001 450.264
26.3001 452.191
26.4001 454.096
26.5001 456.012
26.6001 457.916
26.7001 459.851
26.8001 461.778
26.9001 463.699
27.0001 465.623
27.1001 467.554
27.2001 469.494
27.3001 471.43
27.4001 473.373
27.5001 475.322
27.6001 477.249
27.7001 479.208
27.8001 481.16
27.9001 483.111
28.0001 485.059
28.1001 487.005
28.2001 488.973
28.3001 490.922
28.4001 492.889
28.5001 494.839
28.6001 496.815
28.7001 498.781
28.8001 500.742
28.9001 502.71
29.0001 504.684
29.1001 506.651
29.2001 508.625
29.3001 510.603
29.4001 512.581
29.5001 514.585
29.6001 516.56
29.7001 518.546
29.8001 520.538
29.9001 522.547
30.0001 524.55
30.1001 526.562
30.2001 528.576
30.3001 530.593
30.4001 532.595
30.5001 534.61
30.6001 536.64
30.7001 538.665
30.8001 540.699
30.9001 542.714
31.0001 544.734
31.1001 546.767
31.2001 548.808
31.3001 550.826
31.4001 552.871
31.5001 554.93
31.6001 556.981
31.7001 559.028
31.8001 561.062
31.9001 563.116
32.0001 565.176
32.1001 567.24
32.2001 569.301
32.3001 571.343
32.4001 573.421
32.5001 575.49
32.6001 577.551
32.7001 579.62
32.8001 581.708
32.9001 583.797
33.0001 585.872
33.1001 587.942
33.2001 590.031
33.3001 592.123
33.4001 594.213
33.5001 596.295
33.6001 598.39
33.7001 600.476
33.8001 602.574
33.9001 604.692
34.0001 606.794
34.1001 608.903
34.2001 611.014
34.3 613.115
34.4 615.233
34.5 617.351
34.6 619.49
34.7 621.615
34.8 623.728
34.9 625.876
35 628.011
35.1 630.151
35.2 632.314
35.3 634.481
35.4 636.645
35.5 638.79
35.6 640.953
35.7 643.104
35.8 645.276
35.9 647.453
36 649.628
36.1 651.824
36.2 654.006
36.3 656.193
36.4 658.378
36.5 660.568
36.6 662.756
36.7 664.954
36.8 667.149
36.9 669.346
37 671.553
37.1 673.763
37.2 675.961
37.3 678.186
37.4 680.387
37.5 682.6
37.6 684.836
37.7 687.042
37.8 689.277
37.9 691.49
38 693.708
38.1 695.929
38.2 698.137
38.3 700.392
38.4 702.62
38.5 704.852
38.6 707.109
38.7 709.353
38.8 711.624
38.9 713.901
39 716.2
39.1 718.479
39.2 720.8
39.3 723.103
39.4 725.386
39.5 727.708
39.6 730.012
39.7 732.321
39.8 734.607
39.9 736.9
40 739.198
40.1 741.516
40.2 743.812
40.3 746.092
40.4 748.365
40.5 750.663
40.6 752.927
40.7 755.172
40.7999 757.421
40.8999 759.648
40.9999 761.889
41.0999 764.095
41.1999 766.304
41.2999 768.496
41.3999 770.679
41.4999 772.857
41.5999 774.991
41.6999 777.14
41.7999 779.264
41.8999 781.379
41.9999 783.466
42.0999 785.537
42.1999 787.628
42.2999 789.685
42.3999 791.745
42.4999 793.781
42.5999 795.788
42.6999 797.813
42.7999 799.826
42.8999 801.801
42.9999 803.774
43.0999 805.726
43.1999 807.689
43.2999 809.611
43.3999 811.536
43.4999 813.455
43.5999 815.372
43.6999 817.252
43.7999 819.135
43.8999 820.984
43.9999 822.853
44.0999 824.682
44.1999 826.512
44.2999 828.327
44.3999 830.14
44.4999 831.92
44.5999 833.722
44.6999 835.478
44.7999 837.243
44.8999 839.002
44.9999 840.731
45.0999 842.445
45.1999 844.152
45.2999 845.852
45.3999 847.54
45.4999 849.208
45.5999 850.859
45.6999 852.516
45.7999 854.138
45.8999 855.78
45.9999 857.364
46.0999 858.981
46.1999 860.565
46.2999 862.158
46.3999 863.726
46.4999 865.276
46.5999 866.821
46.6999 868.334
46.7999 869.844
46.8999 871.328
46.9999 872.815
47.0999 874.292
47.1999 875.759
47.2999 877.186
47.3998 878.628
47.4998 880.039
47.5998 881.445
47.6998 882.852
47.7998 884.237
47.8998 885.607
47.9998 886.953
48.0998 888.297
48.1998 889.634
48.2998 890.945
48.3998 892.253
48.4998 893.571
48.5998 894.858
48.6998 896.148
48.7998 897.419
48.8998 898.683
48.9998 899.926
49.0998 901.145
49.1998 902.366
49.2998 903.569
49.3998 904.772
49.4998 905.95
49.5998 907.101
49.6998 908.269
49.7998 909.418
49.8998 910.553
49.9998 911.659
50.0998 912.763
50.1998 913.863
50.2998 914.967
50.3998 916.026
50.4998 917.102
50.5998 918.145
50.6998 919.181
50.7998 920.213
50.8998 921.211
50.9998 922.183
51.0998 923.159
51.1998 924.108
51.2998 925.065
51.3998 926.001
51.4998 926.922
51.5998 927.847
51.6998 928.746
51.7998 929.619
51.8998 930.494
51.9998 931.363
52.0998 932.209
52.1998 933.044
52.2998 933.884
52.3998 934.706
52.4998 935.482
52.5998 936.257
52.6998 937.022
52.7998 937.795
52.8998 938.545
52.9998 939.286
53.0998 939.994
53.1998 940.714
53.2998 941.415
53.3998 942.11
53.4998 942.781
53.5998 943.425
53.6998 944.097
53.7998 944.728
53.8997 945.346
53.9997 945.962
54.0997 946.562
54.1997 947.148
54.2997 947.712
54.3997 948.286
54.4997 948.822
54.5997 949.368
54.6997 949.894
54.7997 950.393
54.8997 950.853
54.9997 951.341
55.0997 951.814
55.1997 952.265
55.2997 952.696
55.3997 953.12
55.4997 953.547
55.5997 953.955
55.6997 954.328
55.7997 954.713
55.8997 955.069
55.9997 955.405
56.0997 955.754
56.1997 956.085
56.2997 956.399
56.3997 956.698
56.4997 956.978
56.5997 957.248
56.6997 957.509
56.7997 957.735
56.8997 957.964
56.9997 958.198
57.0997 958.414
57.1997 958.596
57.2997 958.772
57.3997 958.923
57.4997 959.081
57.5997 959.234
57.6997 959.35
57.7997 959.463
57.8997 959.542
57.9997 959.614
58.0997 959.686
58.1997 959.741
58.2997 959.779
58.3997 959.826
58.4997 959.86
58.5997 959.896
58.6997 959.883
58.7997 959.86
58.8997 959.841
58.9997 959.779
59.0997 959.705
59.1997 959.617
59.2997 959.542
59.3997 959.428
59.4997 959.309
59.5997 959.173
59.6997 959.004
59.7997 958.833
59.8997 958.649
59.9997 958.468
60.0997 958.266
60.1997 958.055
60.2997 957.808
60.3997 957.537
60.4996 957.277
60.5996 956.991
60.6996 956.678
60.7996 956.356
60.8996 956.012
60.9996 955.656
61.0996 955.294
61.1996 954.935
61.2996 954.541
61.3996 954.121
61.4996 953.71
61.5996 953.275
61.6996 952.83
61.7996 952.369
61.8996 951.92
61.9996 951.443
62.0996 950.933
62.1996 950.421
62.2996 949.901
62.3996 949.379
62.4996 948.813
62.5996 948.268
62.6996 947.69
62.7996 947.095
62.8996 946.488
62.9996 945.874
63.0996 945.253
63.1996 944.632
63.2996 943.97
63.3996 943.287
63.4996 942.606
63.5996 941.894
63.6996 941.179
63.7996 940.446
63.8996 939.696
63.9996 938.949
64.0996 938.188
64.1996 937.397
64.2996 936.6
64.3996 935.773
64.4996 934.948
64.5996 934.11
64.6996 933.248
64.7996 932.373
64.8996 931.494
64.9996 930.592
65.0996 929.671
65.1996 928.775
65.2996 927.832
65.3996 926.882
65.4996 925.893
65.5996 924.934
65.6996 923.932
65.7996 922.932
65.8996 921.919
65.9996 920.899
66.0996 919.855
66.1996 918.8
66.2996 917.721
66.3996 916.612
66.4996 915.507
66.5996 914.372
66.6996 913.243
66.7996 912.102
66.8996 910.946
66.9995 909.764
67.0995 908.554
67.1995 907.332
67.2995 906.11
67.3995 904.864
67.4995 903.622
67.5995 902.36
67.6995 901.056
67.7995 899.754
67.8995 898.423
67.9995 897.104
68.0995 895.777
68.1995 894.42
68.2995 893.046
68.3995 891.652
68.4995 890.25
68.5995 888.856
68.6995 887.427
68.7995 886
68.8995 884.578
68.9995 883.125
69.0995 881.646
69.1995 880.145
69.2995 878.622
69.3995 877.109
69.4995 875.581
69.5995 874.04
69.6995 872.455
69.7995 870.868
69.8995 869.253
69.9995 867.658
70.0995 866.033
70.1995 864.422
70.2995 862.786
70.3995 861.105
70.4995 859.418
70.5995 857.715
70.6995 855.982
70.7995 854.256
70.8995 852.521
70.9995 850.783
71.0995 849.02
71.1995 847.243
71.2995 845.453
71.3995 843.636
71.4995 841.809
71.5995 839.976
71.6995 838.117
71.7995 836.253
71.8995 834.378
71.9995 832.488
72.0995 830.572
72.1995 828.627
72.2995 826.677
72.3995 824.722
72.4995 822.768
72.5995 820.765
72.6995 818.75
72.7995 816.724
72.8995 814.692
72.9995 812.639
73.0995 810.576
73.1995 808.489
73.2995 806.391
73.3995 804.28
73.4995 802.133
73.5994 799.989
73.6994 797.836
73.7994 795.664
73.8994 793.481
73.9994 791.282
74.0994 789.073
74.1994 786.852
74.2994 784.607
74.3994 782.353
74.4994 780.068
74.5994 777.766
74.6994 775.456
74.7994 773.14
74.8994 770.804
74.9994 768.466
75.0994 766.1
75.1994 763.71
75.2994 761.311
75.3994 758.899
75.4994 756.47
75.5994 754.011
75.6994 751.564
75.7994 749.071
75.8994 746.572
75.9994 744.067
76.0994 741.534
76.1994 739.016
76.2994 736.45
76.3994 733.877
76.4994 731.289
76.5994 728.685
76.6994 726.077
76.7994 723.444
76.8994 720.779
76.9994 718.116
77.0994 715.437
77.1994 712.738
77.2994 710.032
77.3994 707.302
77.4994 704.55
77.5994 701.791
77.6994 699.031
77.7994 696.259
77.8994 693.458
77.9994 690.663
78.0994 687.853
78.1994 685.013
78.2994 682.153
78.3994 679.274
78.4994 676.382
78.5994 673.459
78.6994 670.507
78.7994 667.526
78.8994 664.554
78.9994 661.569
79.0994 658.543
79.1994 655.494
79.2994 652.441
79.3994 649.372
79.4994 646.3
79.5994 643.221
79.6994 640.129
79.7994 637.027
79.8994 633.923
79.9994 630.819
80.0993 627.691
80.1993 624.567
80.2993 621.443
80.3993 618.31
80.4993 615.182
80.5993 612.051
80.6993 608.911
80.7993 605.775
80.8993 602.652
80.9993 599.516
81.0993 596.389
81.1993 593.248
81.2993 590.111
81.3993 586.978
81.4993 583.837
81.5993 580.685
81.6993 577.557
81.7993 574.415
81.8993 571.264
81.9993 568.111
82.0993 564.958
82.1993 561.812
82.2993 558.657
82.3993 555.498
82.4993 552.348
82.5993 549.22
82.6993 546.061
82.7993 542.917
82.8993 539.766
82.9993 536.621
83.0993 533.471
83.1993 530.338
83.2993 527.198
83.3993 524.044
83.4993 520.887
83.5993 517.743
83.6993 514.589
83.7993 511.416
83.8993 508.269
83.9993 505.118
84.0993 501.95
84.1993 498.79
84.2993 495.645
84.3993 492.51
84.4993 489.365
84.5993 486.197
84.6993 483.035
84.7993 479.885
84.8993 476.734
84.9993 473.579
85.0993 470.414
85.1993 467.259
85.2993 464.094
85.3993 460.918
85.4993 457.755
85.5993 454.603
85.6993 451.457
85.7993 448.29
85.8993 445.146
85.9993 441.957
86.0993 438.783
86.1993 435.628
86.2993 432.476
86.3993 429.314
86.4993 426.153
86.5993 423.002
86.6992 419.85
86.7992 416.688
86.8992 413.511
86.9992 410.341
87.0992 407.18
87.1992 404.016
87.2992 400.845
87.3992 397.692
87.4992 394.513
87.5992 391.353
87.6992 388.194
87.7992 385.019
87.8992 381.854
87.9992 378.677
88.0992 375.512
88.1992 372.333
88.2992 369.158
88.3992 365.987
88.4992 362.816
88.5992 359.643
88.6992 356.46
88.7992 353.288
88.8992 350.13
88.9992 346.961
89.0992 343.788
89.1992 340.624
89.2992 337.439
89.3992 334.258
89.4992 331.093
89.5992 327.921
89.6992 324.746
89.7992 321.564
89.8992 318.391
89.9992 315.229
90.0992 312.043
90.1992 308.861
90.2992 305.685
90.3992 302.488
90.4992 299.326
90.5992 296.158
90.6992 292.979
90.7992 289.81
90.8992 286.622
90.9992 283.452
91.0992 280.282
91.1992 277.087
91.2992 273.919
91.3992 270.744
91.4992 267.563
91.5992 264.392
91.6992 261.205
91.7992 258.022
91.8992 254.846
91.9992 251.665
92.0992 248.491
92.1992 245.308
92.2992 242.118
92.3992 238.945
92.4992 235.763
92.5992 232.591
92.6992 229.403
92.7992 226.206
92.8992 223.025
92.9992 219.849
93.0992 216.665
93.1992 213.491
93.2991 210.318
93.3991 207.15
93.4991 203.968
93.5991 200.789
93.6991 197.605
93.7991 194.43
93.8991 191.249
93.9991 188.06
94.0991 184.888
94.1991 181.713
94.2991 178.537
94.3991 175.352
94.4991 172.168
94.5991 168.985
94.6991 165.812
94.7991 162.628
94.8991 159.452
94.9991 156.254
95.0991 153.055
95.1991 149.873
95.2991 146.68
95.3991 143.493
95.4991 140.31
95.5991 137.118
95.6991 133.936
95.7991 130.745
95.8991 127.556
95.9991 124.354
96.0991 121.181
96.1991 117.998
96.2991 114.807
96.3991 111.626
96.4991 108.434
96.5991 105.256
96.6991 102.057
96.7991 98.8515
96.8991 95.6565
96.9991 92.4543
97.0991 89.2579
97.1991 86.0752
97.2991 82.8909
97.3991 79.6996
97.4991 76.5138
97.5991 73.3379
97.6991 70.1323
97.7991 66.9429
97.8991 63.7581
97.9991 60.5679
98.0991 57.391
98.1991 54.2057
98.2991 51.03
98.3991 47.8424
98.4991 44.651
98.5991 41.4694
98.6991 38.2808
98.7991 35.083
98.8991 31.8868
98.9991 28.7084
99.0991 25.5288
99.1991 22.3374
99.2991 19.1463
99.3991 15.9538
99.4991 12.7595
99.5991 9.57733
99.6991 6.3834
99.799 3.1958
0 0
0 0
0.1 -2.60586
0.2 -5.21452
0.3 -7.81474
0.4 -10.4135
0.5 -13.0341
0.6 -15.6221
0.7 -18.2273
0.8 -20.8166
0.9 -23.4239
1 -26.0352
1.1 -28.6423
1.2 -31.2494
1.3 -33.8535
1.4 -36.4681
1.5 -39.0466
1.6 -41.6456
1.7 -44.2443
1.8 -46.849
1.9 -49.4511
2 -52.0252
2.1 -54.6301
2.2 -57.2382
2.3 -59.8507
2.4 -62.4561
2.5 -65.0445
2.6 -67.6581
2.7 -70.2614
2.8 -72.8746
2.9 -75.477
3 -78.0662
3.1 -80.6736
3.2 -83.2665
3.3 -85.8692
3.4 -88.4715
3.5 -91.0707
3.6 -93.6687
3.7 -96.2601
3.8 -98.8595
3.9 -101.477
4 -104.071
4.1 -106.669
4.2 -109.283
4.3 -111.885
4.4 -114.496
4.5 -117.092
4.6 -119.682
4.7 -122.299
4.8 -124.916
4.9 -127.531
5 -130.123
5.1 -132.703
5.2 -135.301
5.3 -137.895
5.4 -140.493
5.5 -143.071
5.6 -145.681
5.7 -148.286
5.8 -150.893
5.9 -153.498
6 -156.085
6.1 -158.686
6.2 -161.271
6.3 -163.875
6.4 -166.465
6.5 -169.055
6.6 -171.654
6.7 -174.226
6.8 -176.829
6.9 -179.418
7 -182.022
7.1 -184.629
7.2 -187.224
7.3 -189.831
7.4 -192.427
7.5 -195.012
7.6 -197.599
7.7 -200.184
7.79999 -202.786
7.89999 -205.387
7.99999 -207.975
8.09999 -210.551
8.2 -213.153
8.3 -215.763
8.4 -218.363
8.5 -220.959
8.6 -223.539
8.7 -226.129
8.8 -228.735
8.9 -231.326
9 -233.901
9.1 -236.504
9.2 -239.098
9.3 -241.677
9.4 -244.253
9.5 -246.827
9.6 -249.414
9.7 -252.005
9.8 -254.6
9.9 -257.174
10 -259.756
10.1 -262.345
10.2 -264.903
10.3 -267.49
10.4 -270.093
10.5 -272.677
10.6 -275.259
10.7 -277.847
10.8 -280.414
10.9 -282.989
11 -285.571
11.1 -288.155
11.2 -290.717
11.3 -293.307
11.4 -295.89
11.5 -298.487
11.6 -301.056
11.7 -303.636
11.8 -306.221
11.9 -308.798
12 -311.379
12.1 -313.952
12.2 -316.515
12.3 -319.09
12.4 -321.648
12.5 -324.229
12.6 -326.796
12.7 -329.353
12.8 -331.943
12.9 -334.51
13 -337.083
13.1 -339.64
13.2 -342.19
13.3 -344.765
13.4 -347.315
13.5 -349.895
13.6 -352.457
13.7 -355.023
13.8 -357.583
13.9 -360.12
14 -362.684
14.1 -365.236
14.2 -367.777
14.3 -370.336
14.4 -372.903
14.5 -375.453
14.6 -377.98
14.7 -380.545
14.8 -383.109
14.9 -385.642
15 -388.187
15.1 -390.715
15.2 -393.265
15.3 -395.821
15.4 -398.364
15.5 -400.906
15.6 -403.446
15.7 -406.001
15.8 -408.565
15.9 -411.101
16 -413.663
16.1 -416.204
16.2 -418.755
16.3 -421.289
16.4 -423.824
16.5 -426.366
16.6 -428.899
16.7 -431.439
16.8 -433.962
16.9 -436.49
17 -439.022
17.1 -441.564
17.2 -444.091
17.3 -446.611
17.4 -449.148
17.5 -451.682
17.6 -454.211
17.7 -456.745
17.8 -459.267
17.9 -461.797
18 -464.343
18.1 -466.863
18.2 -469.386
18.3 -471.9
18.4 -474.45
18.5 -476.987
18.6 -479.494
18.7 -482.024
18.8 -484.573
18.9 -487.105
19 -489.622
19.1 -492.159
19.2 -494.667
19.3 -497.199
19.4 -499.709
19.5 -502.208
19.6 -504.724
19.7 -507.22
19.8 -509.736
19.9 -512.236
20 -514.748
20.1 -517.267
20.2 -519.785
20.3 -522.284
20.4 -524.788
20.5 -527.3
20.6 -529.805
20.7 -532.302
20.8 -534.802
20.9 -537.292
21 -539.786
21.1 -542.301
21.2 -544.819
21.3 -547.298
21.4 -549.813
21.5 -552.296
21.6 -554.783
21.7 -557.287
21.8 -559.777
21.9 -562.268
22 -564.76
22.1 -567.256
22.2 -569.747
22.3 -572.233
22.4 -574.739
22.5 -577.231
22.6 -579.713
22.7001 -582.204
22.8001 -584.685
22.9001 -587.156
23.0001 -589.65
23.1001 -592.136
23.2001 -594.622
23.3001 -597.117
23.4001 -599.599
23.5001 -602.081
23.6001 -604.549
23.7001 -607.024
23.8001 -609.506
23.9001 -611.972
24.0001 -614.448
24.1001 -616.92
24.2001 -619.376
24.3001 -621.834
24.4001 -624.296
24.5001 -626.76
24.6001 -629.226
24.7001 -631.677
24.8001 -634.134
24.9001 -636.57
25.0001 -639.019
25.1001 -641.487
25.2001 -643.937
25.3001 -646.391
25.4001 -648.83
25.5001 -651.27
25.6001 -653.722
25.7001 -656.177
25.8001 -658.605
25.9001 -661.047
26.0001 -663.478
26.1001 -665.901
26.2001 -668.338
26.3001 -670.778
26.4001 -673.206
26.5001 -675.674
26.6001 -678.096
26.7001 -680.532
26.8001 -682.973
26.9001 -685.402
27.0001 -687.832
27.1001 -690.258
27.2001 -692.671
27.3001 -695.107
27.4001 -697.535
27.5001 -699.952
27.6001 -702.369
27.7001 -704.786
27.8001 -707.2
27.9001 -709.616
28.0001 -712.041
28.1001 -714.47
28.2001 -716.888
28.3001 -719.307
28.4001 -721.724
28.5001 -724.124
28.6001 -726.516
28.7001 -728.934
28.8001 -731.319
28.9001 -733.714
29.0001 -736.118
29.1001 -738.509
29.2001 -740.933
29.3001 -743.321
29.4001 -745.706
29.5001 -748.123
29.6001 -750.506
29.7001 -752.891
29.8001 -755.305
29.9001 -757.7
30.0001 -760.087
30.1001 -762.479
30.2001 -764.871
30.3001 -767.252
30.4001 -769.623
30.5001 -771.995
30.6001 -774.386
30.7001 -776.774
30.8001 -779.147
30.9001 -781.521
31.0001 -783.896
31.1001 -786.248
31.2001 -788.626
31.3001 -790.995
31.4001 -793.379
31.5001 -795.747
31.6001 -798.106
31.7001 -800.476
31.8001 -802.842
31.9001 -805.182
32.0001 -807.554
32.1001 -809.898
32.2001 -812.256
32.3001 -814.623
32.4001 -816.976
32.5001 -819.34
32.6001 -821.7
32.7001 -824.056
32.8001 -826.417
32.9001 -828.768
33.0001 -831.128
33.1001 -833.475
33.2001 -835.832
33.3001 -838.187
33.4001 -840.525
33.5001 -842.866
33.6001 -845.204
33.7001 -847.53
33.8001 -849.877
33.9001 -852.222
34.0001 -854.548
34.1001 -856.868
34.2001 -859.185
34.3 -861.493
34.4 -863.807
34.5 -866.118
34.6 -868.419
34.7 -870.748
34.8 -873.079
34.9 -875.384
35 -877.704
35.1 -880.018
35.2 -882.333
35.3 -884.636
35.4 -886.948
35.5 -889.235
35.6 -891.541
35.7 -893.815
35.8 -896.107
35.9 -898.399
36 -900.698
36.1 -903.003
36.2 -905.306
36.3 -907.589
36.4 -909.887
36.5 -912.183
36.6 -914.464
36.7 -916.736
36.8 -919.01
36.9 -921.307
37 -923.586
37.1 -925.862
37.2 -928.155
37.3 -930.418
37.4 -932.674
37.5 -934.967
37.6 -937.242
37.7 -939.509
37.8 -941.767
37.9 -944.036
38 -946.293
38.1 -948.556
38.2 -950.828
38.3 -953.091
38.4 -955.348
38.5 -957.589
38.6 -959.82
38.7 -962.044
38.8 -964.269
38.9 -966.481
39 -968.724
39.1 -970.949
39.2 -973.184
39.3 -975.386
39.4 -977.622
39.5 -979.838
39.6 -982.042
39.7 -984.249
39.8 -986.476
39.9 -988.659
40 -990.862
40.1 -993.068
40.2 -995.245
40.3 -997.398
40.4 -999.553
40.5 -1001.7
40.6 -1003.82
40.7 -1005.93
40.7999 -1008.02
40.8999 -1010.1
40.9999 -1012.14
41.0999 -1014.17
41.1999 -1016.2
41.2999 -1018.18
41.3999 -1020.16
41.4999 -1022.09
41.5999 -1024.01
41.6999 -1025.91
41.7999 -1027.83
41.8999 -1029.7
41.9999 -1031.55
42.0999 -1033.41
42.1999 -1035.23
42.2999 -1037.04
42.3999 -1038.79
42.4999 -1040.54
42.5999 -1042.29
42.6999 -1044.05
42.7999 -1045.77
42.8999 -1047.48
42.9999 -1049.18
43.0999 -1050.87
43.1999 -1052.55
43.2999 -1054.19
43.3999 -1055.82
43.4999 -1057.42
43.5999 -1059.01
43.6999 -1060.59
43.7999 -1062.13
43.8999 -1063.65
43.9999 -1065.15
44.0999 -1066.65
44.1999 -1068.14
44.2999 -1069.61
44.3999 -1071.06
44.4999 -1072.5
44.5999 -1073.94
44.6999 -1075.35
44.7999 -1076.75
44.8999 -1078.12
44.9999 -1079.5
45.0999 -1080.84
45.1999 -1082.16
45.2999 -1083.48
45.3999 -1084.74
45.4999 -1086.02
45.5999 -1087.28
45.6999 -1088.52
45.7999 -1089.77
45.8999 -1090.99
45.9999 -1092.2
46.0999 -1093.36
46.1999 -1094.53
46.2999 -1095.64
46.3999 -1096.78
46.4999 -1097.91
46.5999 -1099.01
46.6999 -1100.08
46.7999 -1101.14
46.8999 -1102.18
46.9999 -1103.21
47.0999 -1104.23
47.1999 -1105.22
47.2999 -1106.19
47.3998 -1107.16
47.4998 -1108.12
47.5998 -1109.06
47.6998 -1109.98
47.7998 -1110.88
47.8998 -1111.76
47.9998 -1112.63
48.0998 -1113.48
48.1998 -1114.32
48.2998 -1115.16
48.3998 -1115.97
48.4998 -1116.76
48.5998 -1117.55
48.6998 -1118.33
48.7998 -1119.08
48.8998 -1119.81
48.9998 -1120.51
49.0998 -1121.21
49.1998 -1121.91
49.2998 -1122.57
49.3998 -1123.24
49.4998 -1123.88
49.5998 -1124.49
49.6998 -1125.13
49.7998 -1125.73
49.8998 -1126.31
49.9998 -1126.87
50.0998 -1127.44
50.1998 -1127.97
50.2998 -1128.49
50.3998 -1129
50.4998 -1129.47
50.5998 -1129.94
50.6998 -1130.42
50.7998 -1130.84
50.8998 -1131.27
50.9998 -1131.68
51.0998 -1132.08
51.1998 -1132.47
51.2998 -1132.83
51.3998 -1133.17
51.4998 -1133.5
51.5998 -1133.82
51.6998 -1134.11
51.7998 -1134.41
51.8998 -1134.67
51.9998 -1134.9
52.0998 -1135.14
52.1998 -1135.37
52.2998 -1135.58
52.3998 -1135.79
52.4998 -1136
52.5998 -1136.17
52.6998 -1136.37
52.7998 -1136.53
52.8998 -1136.67
52.9998 -1136.78
53.0998 -1136.85
53.1998 -1136.91
53.2998 -1136.97
53.3998 -1137
53.4998 -1137.04
53.5998 -1137.06
53.6998 -1137.07
53.7998 -1137.05
53.8997 -1137
53.9997 -1136.94
54.0997 -1136.84
54.1997 -1136.74
54.2997 -1136.66
54.3997 -1136.53
54.4997 -1136.4
54.5997 -1136.26
54.6997 -1136.09
54.7997 -1135.91
54.8997 -1135.72
54.9997 -1135.54
55.0997 -1135.32
55.1997 -1135.09
55.2997 -1134.87
55.3997 -1134.64
55.4997 -1134.37
55.5997 -1134.07
55.6997 -1133.77
55.7997 -1133.44
55.8997 -1133.12
55.9997 -1132.77
56.0997 -1132.43
56.1997 -1132.07
56.2997 -1131.69
56.3997 -1131.26
56.4997 -1130.84
56.5997 -1130.42
56.6997 -1129.98
56.7997 -1129.52
56.8997 -1129.05
56.9997 -1128.58
57.0997 -1128.07
57.1997 -1127.56
57.2997 -1127.01
57.3997 -1126.49
57.4997 -1125.92
57.5997 -1125.36
57.6997 -1124.78
57.7997 -1124.17
57.8997 -1123.54
57.9997 -1122.93
58.0997 -1122.28
58.1997 -1121.59
58.2997 -1120.91
58.3997 -1120.2
58.4997 -1119.5
58.5997 -1118.77
58.6997 -1118.04
58.7997 -1117.29
58.8997 -1116.52
58.9997 -1115.74
59.0997 -1114.98
59.1997 -1114.15
59.2997 -1113.33
59.3997 -1112.5
59.4997 -1111.64
59.5997 -1110.79
59.6997 -1109.9
59.7997 -1109
59.8997 -1108.05
59.9997 -1107.11
60.0997 -1106.14
60.1997 -1105.21
60.2997 -1104.24
60.3997 -1103.27
60.4996 -1102.26
60.5996 -1101.24
60.6996 -1100.2
60.7996 -1099.13
60.8996 -1098.06
60.9996 -1096.98
61.0996 -1095.84
61.1996 -1094.73
61.2996 -1093.58
61.3996 -1092.46
61.4996 -1091.29
61.5996 -1090.13
61.6996 -1088.93
61.7996 -1087.74
61.8996 -1086.52
61.9996 -1085.27
62.0996 -1084.04
62.1996 -1082.81
62.2996 -1081.53
62.3996 -1080.25
62.4996 -1078.98
62.5996 -1077.67
62.6996 -1076.35
62.7996 -1075.07
62.8996 -1073.74
62.9996 -1072.4
63.0996 -1071.02
63.1996 -1069.63
63.2996 -1068.23
63.3996 -1066.79
63.4996 -1065.37
63.5996 -1063.93
63.6996 -1062.46
63.7996 -1061.01
63.8996 -1059.51
63.9996 -1058
64.0996 -1056.51
64.1996 -1054.99
64.2996 -1053.47
64.3996 -1051.9
64.4996 -1050.34
64.5996 -1048.76
64.6996 -1047.17
64.7996 -1045.57
64.8996 -1043.95
64.9996 -1042.32
65.0996 -1040.7
65.1996 -1039.03
65.2996 -1037.37
65.3996 -1035.69
65.4996 -1033.97
65.5996 -1032.28
65.6996 -1030.54
65.7996 -1028.78
65.8996 -1027.01
65.9996 -1025.27
66.0996 -1023.48
66.1996 -1021.69
66.2996 -1019.88
66.3996 -1018.05
66.4996 -1016.23
66.5996 -1014.37
66.6996 -1012.52
66.7996 -1010.65
66.8996 -1008.78
66.9995 -1006.87
67.0995 -1004.95
67.1995 -1003.05
67.2995 -1001.13
67.3995 -999.157
67.4995 -997.194
67.5995 -995.21
67.6995 -993.213
67.7995 -991.21
67.8995 -989.224
67.9995 -987.2
68.0995 -985.162
68.1995 -983.093
68.2995 -981.041
68.3995 -978.947
68.4995 -976.876
68.5995 -974.775
68.6995 -972.642
68.7995 -970.464
68.8995 -968.323
68.9995 -966.176
69.0995 -963.997
69.1995 -961.843
69.2995 -959.672
69.3995 -957.442
69.4995 -955.218
69.5995 -952.978
69.6995 -950.718
69.7995 -948.449
69.8995 -946.172
69.9995 -943.874
70.0995 -941.602
70.1995 -939.262
70.2995 -936.927
70.3995 -934.577
70.4995 -932.206
70.5995 -929.837
70.6995 -927.443
70.7995 -925.075
70.8995 -922.682
70.9995 -920.282
71.0995 -917.857
71.1995 -915.402
71.2995 -912.956
71.3995 -910.501
71.4995 -908.041
71.5995 -905.551
71.6995 -903.032
71.7995 -900.511
71.8995 -898.001
71.9995 -895.449
72.0995 -892.884
72.1995 -890.341
72.2995 -887.748
72.3995 -885.15
72.4995 -882.548
72.5995 -879.926
72.6995 -877.299
72.7995 -874.661
72.8995 -872.008
72.9995 -869.336
73.0995 -866.637
73.1995 -863.947
73.2995 -861.239
73.3995 -858.54
73.4995 -855.788
73.5994 -853.008
73.6994 -850.226
73.7994 -847.455
73.8994 -844.687
73.9994 -841.886
74.0994 -839.072
74.1994 -836.252
74.2994 -833.41
74.3994 -830.582
74.4994 -827.719
74.5994 -824.846
74.6994 -821.962
74.7994 -819.072
74.8994 -816.179
74.9994 -813.251
75.0994 -810.337
75.1994 -807.389
75.2994 -804.426
75.3994 -801.434
75.4994 -798.454
75.5994 -795.446
75.6994 -792.436
75.7994 -789.423
75.8994 -786.371
75.9994 -783.313
76.0994 -780.232
76.1994 -777.167
76.2994 -774.106
76.3994 -771.001
76.4994 -767.899
76.5994 -764.777
76.6994 -761.66
76.7994 -758.5
76.8994 -755.346
76.9994 -752.177
77.0994 -749.007
77.1994 -745.795
77.2994 -742.573
77.3994 -739.36
77.4994 -736.121
77.5994 -732.873
77.6994 -729.629
77.7994 -726.351
77.8994 -723.068
77.9994 -719.782
78.0994 -716.486
78.1994 -713.164
78.2994 -709.821
78.3994 -706.474
78.4994 -703.13
78.5994 -699.77
78.6994 -696.392
78.7994 -692.974
78.8994 -689.562
78.9994 -686.162
79.0994 -682.723
79.1994 -679.3
79.2994 -675.855
79.3994 -672.387
79.4994 -668.934
79.5994 -665.466
79.6994 -662.016
79.7994 -658.516
79.8994 -655.022
79.9994 -651.516
80.0993 -648.01
80.1993 -644.506
80.2993 -640.995
80.3993 -637.506
80.4993 -634
80.5993 -630.504
80.6993 -627.029
80.7993 -623.558
80.8993 -620.093
80.9993 -616.615
81.0993 -613.144
81.1993 -609.688
81.2993 -606.243
81.3993 -602.794
81.4993 -599.367
81.5993 -595.942
81.6993 -592.495
81.7993 -589.081
81.8993 -585.676
81.9993 -582.27
82.0993 -578.877
82.1993 -575.484
82.2993 -572.082
82.3993 -568.679
82.4993 -565.252
82.5993 -561.83
82.6993 -558.417
82.7993 -555.036
82.8993 -551.639
82.9993 -548.221
83.0993 -544.824
83.1993 -541.412
83.2993 -538.03
83.3993 -534.656
83.4993 -531.273
83.5993 -527.889
83.6993 -524.499
83.7993 -521.14
83.8993 -517.774
83.9993 -514.392
84.0993 -511.022
84.1993 -507.645
84.2993 -504.268
84.3993 -500.911
84.4993 -497.537
84.5993 -494.183
84.6993 -490.825
84.7993 -487.476
84.8993 -484.123
84.9993 -480.8
85.0993 -477.45
85.1993 -474.107
85.2993 -470.763
85.3993 -467.44
85.4993 -464.119
85.5993 -460.765
85.6993 -457.439
85.7993 -454.087
85.8993 -450.749
85.9993 -447.43
86.0993 -444.099
86.1993 -440.781
86.2993 -437.464
86.3993 -434.153
86.4993 -430.841
86.5993 -427.534
86.6992 -424.254
86.7992 -420.964
86.8992 -417.664
86.9992 -414.354
87.0992 -411.039
87.1992 -407.737
87.2992 -404.442
87.3992 -401.126
87.4992 -397.822
87.5992 -394.544
87.6992 -391.245
87.7992 -387.955
87.8992 -384.667
87.9992 -381.379
88.0992 -378.08
88.1992 -374.802
88.2992 -371.512
88.3992 -368.232
88.4992 -364.959
88.5992 -361.669
88.6992 -358.396
88.7992 -355.117
88.8992 -351.832
88.9992 -348.571
89.0992 -345.307
89.1992 -342.052
89.2992 -338.787
89.3992 -335.5
89.4992 -332.266
89.5992 -329.028
89.6992 -325.76
89.7992 -322.5
89.8992 -319.252
89.9992 -315.99
90.0992 -312.765
90.1992 -309.534
90.2992 -306.276
90.3992 -303.044
90.4992 -299.803
90.5992 -296.546
90.6992 -293.308
90.7992 -290.077
90.8992 -286.854
90.9992 -283.623
91.0992 -280.373
91.1992 -277.158
91.2992 -273.937
91.3992 -270.718
91.4992 -267.491
91.5992 -264.281
91.6992 -261.084
91.7992 -257.872
91.8992 -254.665
91.9992 -251.451
92.0992 -248.246
92.1992 -245.037
92.2992 -241.821
92.3992 -238.61
92.4992 -235.409
92.5992 -232.213
92.6992 -229.002
92.7992 -225.785
92.8992 -222.573
92.9992 -219.377
93.0992 -216.182
93.1992 -212.962
93.2991 -209.742
93.3991 -206.535
93.4991 -203.343
93.5991 -200.134
93.6991 -196.935
93.7991 -193.747
93.8991 -190.547
93.9991 -187.375
94.0991 -184.177
94.1991 -180.969
94.2991 -177.797
94.3991 -174.594
94.4991 -171.405
94.5991 -168.21
94.6991 -165.008
94.7991 -161.827
94.8991 -158.649
94.9991 -155.462
95.0991 -152.287
95.1991 -149.11
95.2991 -145.917
95.3991 -142.74
95.4991 -139.546
95.5991 -136.379
95.6991 -133.214
95.7991 -130.029
95.8991 -126.84
95.9991 -123.649
96.0991 -120.467
96.1991 -117.29
96.2991 -114.115
96.3991 -110.933
96.4991 -107.752
96.5991 -104.58
96.6991 -101.406
96.7991 -98.2263
96.8991 -95.0498
96.9991 -91.8722
97.0991 -88.6906
97.1991 -85.5016
97.2991 -82.3265
97.3991 -79.1705
97.4991 -75.983
97.5991 -72.8094
97.6991 -69.6391
97.7991 -66.4562
97.8991 -63.2794
97.9991 -60.1128
98.0991 -56.9424
98.1991 -53.7661
98.2991 -50.6167
98.3991 -47.4576
98.4991 -44.3098
98.5991 -41.1306
98.6991 -37.9679
98.7991 -34.8004
98.8991 -31.6271
98.9991 -28.4538
99.0991 -25.2962
99.1991 -22.1352
99.2991 -18.9676
99.3991 -15.8013
99.4991 -12.6462
99.5991 -9.48824
99.6991 -6.34959
99.799 -3.1735
0 0
0 0
0.1 5.92874
0.2 11.8666
0.3 17.8226
0.4 23.7474
0.5 29.6781
0.6 35.5891
0.7 41.5058
0.8 47.3795
0.9 53.2523
1 59.1336
1.1 64.9564
1.2 70.7938
1.3 76.6375
1.4 82.4154
1.5 88.166
1.6 93.9091
1.7 99.633
1.8 105.356
1.9 111.054
2 116.737
2.1 122.387
2.2 128.044
2.3 133.693
2.4 139.323
2.5 144.916
2.6 150.494
2.7 156.075
2.8 161.616
2.9 167.162
3 172.702
3.1 178.249
3.2 183.774
3.3 189.246
3.4 194.716
3.5 200.178
3.6 205.627
3.7 211.076
3.8 216.507
3.9 221.913
4 227.282
4.1 232.639
4.2 238.012
4.3 243.349
4.4 248.658
4.5 253.982
4.6 259.266
4.7 264.52
4.8 269.783
4.9 275.044
5 280.294
5.1 285.495
5.2 290.719
5.3 295.908
5.4 301.082
5.5 306.221
5.6 311.349
5.7 316.474
5.8 321.555
5.9 326.643
6 331.7
6.1 336.775
6.2 341.837
6.3 346.832
6.4 351.833
6.5 356.841
6.6 361.802
6.7 366.8
6.8 371.762
6.9 376.692
7 381.619
7.1 386.507
7.2 391.418
7.3 396.265
7.4 401.1
7.5 405.949
7.6 410.773
7.7 415.595
7.79999 420.408
7.89999 425.195
7.99999 429.958
8.09999 434.739
8.2 439.471
8.3 444.196
8.4 448.901
8.5 453.578
8.6 458.249
8.7 462.902
8.8 467.524
8.9 472.151
9 476.744
9.1 481.36
9.2 485.95
9.3 490.525
9.4 495.093
9.5 499.642
9.6 504.159
9.7 508.63
9.8 513.103
9.9 517.583
10 522.032
10.1 526.487
10.2 530.923
10.3 535.292
10.4 539.666
10.5 544.034
10.6 548.4
10.7 552.769
10.8 557.092
10.9 561.401
11 565.674
11.1 569.952
11.2 574.198
11.3 578.449
11.4 582.693
11.5 586.874
11.6 591.062
11.7 595.24
11.8 599.398
11.9 603.549
12 607.675
12.1 611.77
12.2 615.872
12.3 619.96
12.4 624.011
12.5 628.071
12.6 632.118
12.7 636.134
12.8 640.146
12.9 644.126
13 648.106
13.1 652.075
13.2 656.029
13.3 659.973
13.4 663.89
13.5 667.795
13.6 671.665
13.7 675.515
13.8 679.38
13.9 683.221
14 687.043
14.1 690.865
14.2 694.648
14.3 698.386
14.4 702.143
14.5 705.851
14.6 709.58
14.7 713.278
14.8 716.99
14.9 720.675
15 724.312
15.1 727.959
15.2 731.557
15.3 735.145
15.4 738.733
15.5 742.313
15.6 745.868
15.7 749.394
15.8 752.913
15.9 756.427
16 759.926
16.1 763.419
16.2 766.872
16.3 770.3
16.4 773.707
16.5 777.115
16.6 780.529
16.7 783.904
16.8 787.264
16.9 790.622
17 793.958
17.1 797.277
17.2 800.562
17.3 803.822
17.4 807.096
17.5 810.326
17.6 813.554
17.7 816.789
17.8 820.005
17.9 823.189
18 826.387
18.1 829.533
18.2 832.696
18.3 835.857
18.4 838.953
18.5 842.034
18.6 845.119
18.7 848.196
18.8 851.217
18.9 854.226
19 857.232
19.1 860.211
19.2 863.2
19.3 866.178
19.4 869.094
19.5 872.033
19.6 874.921
19.7 877.795
19.8 880.669
19.9 883.497
20 886.319
20.1 889.133
20.2 891.92
20.3 894.696
20.4 897.438
20.5 900.163
20.6 902.863
20.7 905.559
20.8 908.219
20.9 910.861
21 913.511
21.1 916.135
21.2 918.746
21.3 921.325
21.4 923.886
21.5 926.445
21.6 928.983
21.7 931.525
21.8 934.03
21.9 936.511
22 938.958
22.1 941.413
22.2 943.861
22.3 946.281
22.4 948.671
22.5 951.066
22.6 953.438
22.7001 955.789
22.8001 958.141
22.9001 960.48
23.0001 962.771
23.1001 965.042
23.2001 967.324
23.3001 969.562
23.4001 971.793
23.5001 974.012
23.6001 976.22
23.7001 978.415
23.8001 980.549
23.9001 982.688
24.0001 984.807
24.1001 986.913
24.2001 988.997
24.3001 991.047
24.4001 993.127
24.5001 995.158
24.6001 997.162
24.7001 999.191
24.8001 1001.19
24.9001 1003.19
25.0001 1005.13
25.1001 1007.07
25.2001 1008.97
25.3001 1010.86
25.4001 1012.77
25.5001 1014.64
25.6001 1016.51
25.7001 1018.36
25.8001 1020.19
25.9001 1022.01
26.0001 1023.79
26.1001 1025.56
26.2001 1027.34
26.3001 1029.09
26.4001 1030.79
26.5001 1032.47
26.6001 1034.16
26.7001 1035.79
26.8001 1037.42
26.9001 1039.04
27.0001 1040.63
27.1001 1042.21
27.2001 1043.77
27.3001 1045.31
27.4001 1046.84
27.5001 1048.35
27.6001 1049.82
27.7001 1051.31
27.8001 1052.75
27.9001 1054.18
28.0001 1055.59
28.1001 1056.98
28.2001 1058.35
28.3001 1059.7
28.4001 1061.05
28.5001 1062.36
28.6001 1063.67
28.7001 1064.98
28.8001 1066.29
28.9001 1067.56
29.0001 1068.81
29.1001 1070.04
29.2001 1071.24
29.3001 1072.44
29.4001 1073.61
29.5001 1074.78
29.6001 1075.93
29.7001 1077.06
29.8001 1078.15
29.9001 1079.24
30.0001 1080.29
30.1001 1081.34
30.2001 1082.39
30.3001 1083.37
30.4001 1084.35
30.5001 1085.32
30.6001 1086.25
30.7001 1087.19
30.8001 1088.12
30.9001 1089.04
31.0001 1089.92
31.1001 1090.78
31.2001 1091.65
31.3001 1092.47
31.4001 1093.3
31.5001 1094.1
31.6001 1094.89
31.7001 1095.64
31.8001 1096.39
31.9001 1097.13
32.0001 1097.82
32.1001 1098.5
32.2001 1099.16
32.3001 1099.82
32.4001 1100.46
32.5001 1101.08
32.6001 1101.7
32.7001 1102.25
32.8001 1102.8
32.9001 1103.35
33.0001 1103.88
33.1001 1104.39
33.2001 1104.88
33.3001 1105.34
33.4001 1105.79
33.5001 1106.21
33.6001 1106.62
33.7001 1107.01
33.8001 1107.38
33.9001 1107.73
34.0001 1108.05
34.1001 1108.39
34.2001 1108.7
34.3 1108.98
34.4 1109.24
34.5 1109.49
34.6 1109.7
34.7 1109.9
34.8 1110.09
34.9 1110.2
35 1110.33
35.1 1110.44
35.2 1110.55
35.3 1110.6
35.4 1110.68
35.5 1110.74
35.6 1110.75
35.7 1110.75
35.8 1110.74
35.9 1110.69
36 1110.66
36.1 1110.58
36.2 1110.48
36.3 1110.36
36.4 1110.24
36.5 1110.08
36.6 1109.88
36.7 1109.66
36.8 1109.44
36.9 1109.22
37 1108.97
37.1 1108.68
37.2 1108.4
37.3 1108.07
37.4 1107.76
37.5 1107.43
37.6 1107.05
37.7 1106.68
37.8 1106.29
37.9 1105.87
38 1105.43
38.1 1104.97
38.2 1104.5
38.3 1103.99
38.4 1103.46
38.5 1102.88
38.6 1102.3
38.7 1101.68
38.8 1101.07
38.9 1100.42
39 1099.77
39.1 1099.08
39.2 1098.34
39.3 1097.62
39.4 1096.87
39.5 1096.1
39.6 1095.3
39.7 1094.48
39.8 1093.66
39.9 1092.82
40 1091.98
40.1 1091.14
40.2 1090.29
40.3 1089.42
40.4 1088.53
40.5 1087.64
40.6 1086.75
40.7 1085.87
40.7999 1084.96
40.8999 1084.04
40.9999 1083.11
41.0999 1082.16
41.1999 1081.2
41.2999 1080.25
41.3999 1079.3
41.4999 1078.34
41.5999 1077.38
41.6999 1076.42
41.7999 1075.46
41.8999 1074.47
41.9999 1073.49
42.0999 1072.51
42.1999 1071.52
42.2999 1070.53
42.3999 1069.54
42.4999 1068.54
42.5999 1067.52
42.6999 1066.5
42.7999 1065.49
42.8999 1064.47
42.9999 1063.45
43.0999 1062.42
43.1999 1061.39
43.2999 1060.35
43.3999 1059.32
43.4999 1058.27
43.5999 1057.24
43.6999 1056.19
43.7999 1055.14
43.8999 1054.04
43.9999 1052.98
44.0999 1051.92
44.1999 1050.85
44.2999 1049.76
44.3999 1048.68
44.4999 1047.58
44.5999 1046.48
44.6999 1045.36
44.7999 1044.25
44.8999 1043.13
44.9999 1042.05
45.0999 1040.93
45.1999 1039.77
45.2999 1038.64
45.3999 1037.5
45.4999 1036.38
45.5999 1035.24
45.6999 1034.08
45.7999 1032.95
45.8999 1031.8
45.9999 1030.62
46.0999 1029.44
46.1999 1028.29
46.2999 1027.1
46.3999 1025.95
46.4999 1024.76
46.5999 1023.57
46.6999 1022.38
46.7999 1021.21
46.8999 1020.01
46.9999 1018.83
47.0999 1017.63
47.1999 1016.4
47.2999 1015.19
47.3998 1013.96
47.4998 1012.74
47.5998 1011.5
47.6998 1010.26
47.7998 1009.02
47.8998 1007.76
47.9998 1006.54
48.0998 1005.3
48.1998 1004.05
48.2998 1002.8
48.3998 1001.54
48.4998 1000.27
48.5998 999.012
48.6998 997.714
48.7998 996.44
48.8998 995.169
48.9998 993.883
49.0998 992.576
49.1998 991.288
49.2998 989.971
49.3998 988.666
49.4998 987.326
49.5998 986.051
49.6998 984.735
49.7998 983.403
49.8998 982.096
49.9998 980.785
50.0998 979.439
50.1998 978.109
50.2998 976.768
50.3998 975.414
50.4998 974.081
50.5998 972.761
50.6998 971.412
50.7998 970.029
50.8998 968.672
50.9998 967.308
51.0998 965.928
51.1998 964.53
51.2998 963.167
51.3998 961.789
51.4998 960.429
51.5998 959.024
51.6998 957.636
51.7998 956.26
51.8998 954.869
51.9998 953.473
52.0998 952.074
52.1998 950.68
52.2998 949.24
52.3998 947.833
52.4998 946.412
52.5998 945.001
52.6998 943.564
52.7998 942.145
52.8998 940.707
52.9998 939.272
53.0998 937.825
53.1998 936.376
53.2998 934.916
53.3998 933.473
53.4998 932.028
53.5998 930.566
53.6998 929.129
53.7998 927.646
53.8997 926.183
53.9997 924.721
54.0997 923.22
54.1997 921.747
54.2997 920.268
54.3997 918.778
54.4997 917.288
54.5997 915.814
54.6997 914.319
54.7997 912.827
54.8997 911.324
54.9997 909.816
55.0997 908.304
55.1997 906.788
55.2997 905.276
55.3997 903.732
55.4997 902.223
55.5997 900.703
55.6997 899.168
55.7997 897.609
55.8997 896.074
55.9997 894.515
56.0997 892.955
56.1997 891.383
56.2997 889.834
56.3997 888.284
56.4997 886.716
56.5997 885.128
56.6997 883.547
56.7997 881.959
56.8997 880.37
56.9997 878.779
57.0997 877.196
57.1997 875.605
57.2997 873.994
57.3997 872.41
57.4997 870.804
57.5997 869.22
57.6997 867.61
57.7997 865.997
57.8997 864.363
57.9997 862.765
58.0997 861.162
58.1997 859.544
58.2997 857.922
58.3997 856.311
58.4997 854.676
58.5997 853.059
58.6997 851.419
58.7997 849.801
58.8997 848.137
58.9997 846.51
59.0997 844.846
59.1997 843.199
59.2997 841.516
59.3997 839.883
59.4997 838.218
59.5997 836.574
59.6997 834.875
59.7997 833.233
59.8997 831.574
59.9997 829.881
60.0997 828.194
60.1997 826.498
60.2997 824.802
60.3997 823.128
60.4996 821.443
60.5996 819.752
60.6996 818.074
60.7996 816.376
60.8996 814.659
60.9996 812.973
61.0996 811.262
61.1996 809.555
61.2996 807.841
61.3996 806.107
61.4996 804.385
61.5996 802.648
61.6996 800.921
61.7996 799.205
61.8996 797.466
61.9996 795.735
62.0996 793.978
62.1996 792.245
62.2996 790.509
62.3996 788.781
62.4996 787.034
62.5996 785.287
62.6996 783.517
62.7996 781.733
62.8996 779.982
62.9996 778.214
63.0996 776.432
63.1996 774.674
63.2996 772.888
63.3996 771.107
63.4996 769.317
63.5996 767.549
63.6996 765.768
63.7996 763.99
63.8996 762.2
63.9996 760.393
64.0996 758.607
64.1996 756.848
64.2996 755.047
64.3996 753.235
64.4996 751.436
64.5996 749.64
64.6996 747.843
64.7996 746.027
64.8996 744.245
64.9996 742.435
65.0996 740.624
65.1996 738.798
65.2996 736.971
65.3996 735.148
65.4996 733.336
65.5996 731.507
65.6996 729.688
65.7996 727.841
65.8996 726.009
65.9996 724.152
66.0996 722.303
66.1996 720.472
66.2996 718.626
66.3996 716.766
66.4996 714.914
66.5996 713.049
66.6996 711.198
66.7996 709.329
66.8996 707.479
66.9995 705.573
67.0995 703.722
67.1995 701.843
67.2995 699.962
67.3995 698.08
67.4995 696.191
67.5995 694.297
67.6995 692.384
67.7995 690.46
67.8995 688.549
67.9995 686.68
68.0995 684.776
68.1995 682.867
68.2995 680.949
68.3995 679.07
68.4995 677.167
68.5995 675.27
68.6995 673.362
68.7995 671.44
68.8995 669.529
68.9995 667.578
69.0995 665.664
69.1995 663.723
69.2995 661.831
69.3995 659.88
69.4995 657.944
69.5995 655.988
69.6995 654.06
69.7995 652.106
69.8995 650.128
69.9995 648.192
70.0995 646.257
70.1995 644.292
70.2995 642.346
70.3995 640.394
70.4995 638.446
70.5995 636.511
70.6995 634.554
70.7995 632.555
70.8995 630.591
70.9995 628.63
71.0995 626.651
71.1995 624.687
71.2995 622.706
71.3995 620.712
71.4995 618.733
71.5995 616.761
71.6995 614.789
71.7995 612.788
71.8995 610.789
71.9995 608.793
72.0995 606.789
72.1995 604.789
72.2995 602.782
72.3995 600.766
72.4995 598.788
72.5995 596.78
72.6995 594.782
72.7995 592.782
72.8995 590.801
72.9995 588.801
73.0995 586.802
73.1995 584.772
73.2995 582.76
73.3995 580.76
73.4995 578.732
73.5994 576.705
73.6994 574.673
73.7994 572.657
73.8994 570.641
73.9994 568.585
74.0994 566.543
74.1994 564.526
74.2994 562.475
74.3994 560.441
74.4994 558.4
74.5994 556.38
74.6994 554.352
74.7994 552.289
74.8994 550.222
74.9994 548.168
75.0994 546.121
75.1994 544.046
75.2994 542.004
75.3994 539.954
75.4994 537.922
75.5994 535.859
75.6994 533.796
75.7994 531.727
75.8994 529.662
75.9994 527.598
76.0994 525.524
76.1994 523.487
76.2994 521.41
76.3994 519.354
76.4994 517.288
76.5994 515.211
76.6994 513.125
76.7994 511.043
76.8994 508.983
76.9994 506.889
77.0994 504.815
77.1994 502.728
77.2994 500.634
77.3994 498.518
77.4994 496.428
77.5994 494.331
77.6994 492.228
77.7994 490.142
77.8994 488.044
77.9994 485.927
78.0994 483.829
78.1994 481.717
78.2994 479.627
78.3994 477.503
78.4994 475.38
78.5994 473.28
78.6994 471.177
78.7994 469.048
78.8994 466.92
78.9994 464.806
79.0994 462.709
79.1994 460.608
79.2994 458.524
79.3994 456.422
79.4994 454.313
79.5994 452.167
79.6994 450.045
79.7994 447.928
79.8994 445.81
79.9994 443.674
80.0993 441.528
80.1993 439.376
80.2993 437.241
80.3993 435.106
80.4993 432.955
80.5993 430.806
80.6993 428.673
80.7993 426.547
80.8993 424.407
80.9993 422.276
81.0993 420.141
81.1993 417.998
81.2993 415.869
81.3993 413.739
81.4993 411.585
81.5993 409.425
81.6993 407.268
81.7993 405.129
81.8993 402.966
81.9993 400.817
82.0993 398.669
82.1993 396.506
82.2993 394.316
82.3993 392.135
82.4993 389.987
82.5993 387.827
82.6993 385.652
82.7993 383.468
82.8993 381.295
82.9993 379.117
83.0993 376.948
83.1993 374.763
83.2993 372.579
83.3993 370.411
83.4993 368.226
83.5993 366.036
83.6993 363.837
83.7993 361.656
83.8993 359.46
83.9993 357.286
84.0993 355.097
84.1993 352.905
84.2993 350.719
84.3993 348.527
84.4993 346.344
84.5993 344.152
84.6993 341.959
84.7993 339.768
84.8993 337.575
84.9993 335.365
85.0993 333.156
85.1993 330.976
85.2993 328.773
85.3993 326.575
85.4993 324.384
85.5993 322.197
85.6993 319.974
85.7993 317.771
85.8993 315.572
85.9993 313.37
86.0993 311.17
86.1993 308.965
86.2993 306.753
86.3993 304.548
86.4993 302.334
86.5993 300.145
86.6992 297.905
86.7992 295.663
86.8992 293.457
86.9992 291.238
87.0992 289.009
87.1992 286.784
87.2992 284.553
87.3992 282.313
87.4992 280.077
87.5992 277.857
87.6992 275.644
87.7992 273.417
87.8992 271.209
87.9992 268.965
88.0992 266.747
88.1992 264.517
88.2992 262.271
88.3992 260.062
88.4992 257.833
88.5992 255.608
88.6992 253.379
88.7992 251.182
88.8992 248.93
88.9992 246.7
89.0992 244.45
89.1992 242.207
89.2992 239.991
89.3992 237.742
89.4992 235.525
89.5992 233.296
89.6992 231.062
89.7992 228.815
89.8992 226.579
89.9992 224.344
90.0992 222.096
90.1992 219.853
90.2992 217.628
90.3992 215.363
90.4992 213.085
90.5992 210.84
90.6992 208.584
90.7992 206.319
90.8992 204.077
90.9992 201.838
91.0992 199.575
91.1992 197.307
91.2992 195.079
91.3992 192.836
91.4992 190.578
91.5992 188.322
91.6992 186.075
91.7992 183.784
91.8992 181.535
91.9992 179.283
92.0992 177.018
92.1992 174.747
92.2992 172.476
92.3992 170.232
92.4992 167.954
92.5992 165.693
92.6992 163.433
92.7992 161.181
92.8992 158.927
92.9992 156.679
93.0992 154.43
93.1992 152.169
93.2991 149.903
93.3991 147.642
93.4991 145.381
93.5991 143.125
93.6991 140.851
93.7991 138.58
93.8991 136.317
93.9991 134.079
94.0991 131.825
94.1991 129.557
94.2991 127.309
94.3991 125.042
94.4991 122.825
94.5991 120.566
94.6991 118.308
94.7991 116.05
94.8991 113.785
94.9991 111.528
95.0991 109.232
95.1991 106.963
95.2991 104.677
95.3991 102.412
95.4991 100.147
95.5991 97.8587
95.6991 95.5999
95.7991 93.3288
95.8991 91.0601
95.9991 88.7969
96.0991 86.5414
96.1991 84.2587
96.2991 81.9799
96.3991 79.7038
96.4991 77.4285
96.5991 75.1584
96.6991 72.8934
96.7991 70.6151
96.8991 68.3354
96.9991 66.0661
97.0991 63.808
97.1991 61.5283
97.2991 59.2513
97.3991 56.9929
97.4991 54.7263
97.5991 52.4533
97.6991 50.1738
97.7991 47.8792
97.8991 45.6047
97.9991 43.3196
98.0991 41.0221
98.1991 38.7431
98.2991 36.4409
98.3991 34.1779
98.4991 31.8874
98.5991 29.6075
98.6991 27.3345
98.7991 25.0471
98.8991 22.7944
98.9991 20.5031
99.0991 18.2026
99.1991 15.9421
99.2991 13.6541
99.3991 11.3884
99.4991 9.11202
99.5991 6.83095
99.6991 4.56063
99.799 2.27977
0 0
